9.10389172
18.555016329110586
41.56223739550316
76.29614290700071
125.26294117159479
193.44057785922723
282.7663074708186
395.1041962274174
533.7413507248989
698.4250227746019
886.9973321784097
1101.4852005436583
1344.2384126970219
1622.0360772762003
1958.956684823601
2399.7164308492634
3023.6934638247008
3972.381711721186
5472.947137343486
7874.881774652431
11708.942866879142
17742.608305720485
27070.005689372207
41203.44609417638
62194.23224319698
92772.19424909781
136497.39492209288
197936.23029575663
282855.69099802186
398425.8847259845
553431.3027420974
758498.8561936403
1.0263147889164807e+06
1.3718382844826903e+06
1.8125159218251947e+06
2.368465987766587e+06
3.0626395784425396e+06
3.9209586083216975e+06
4.972391407206018e+06
6.248968832154583e+06
7.785715643721875e+06
9.620445064573342e+06
1.179337435828444e+07
1.4346497749151519e+07
1.7322586329324216e+07
2.076369166241924e+07
2.470896192631645e+07
2.9191482707213294e+07
3.4233819271408565e+07
3.9841803130276635e+07
4.599595035105788e+07
5.2639779783087544e+07
5.966406290372199e+07
6.6885775279435806e+07
7.402026495853342e+07
8.064475471013159e+07
8.615087136862628e+07
8.968343288570322e+07
9.006210155088624e+07
8.568186074462914e+07
7.438752399693854e+07
5.331661458648697e+07
1.87039826102585e+07
-3.4359469313233554e+07
-1.1222276378615665e+08
-2.2303551066656893e+08
-3.771844359307349e+08
-5.878182089609573e+08
-8.714740979288789e+08
-1.2488209120167935e+09
-1.74553335037155e+09
-2.3933129742003703e+09
-3.231070377385094e+09
-4.306281454157029e+09
-5.676527380473137e+09
-7.411222562175241e+09
-9.593526609355589e+09
-1.2322424269061657e+10
-1.5714940042285507e+10
-1.9908430307080486e+10
-2.5062862996186363e+10
-3.1362950788312828e+10
-3.901994508869353e+10
-4.827282065787878e+10
-5.938847972208773e+10
-7.26604735468582e+10
-8.840557115545683e+10
-1.0695729004106363e+11
-1.286552312026565e+11
-1.5382871721867e+11
-1.8277280147868353e+11
-2.1571418020299734e+11
-2.527638741682786e+11
-2.938527281600962e+11
-3.386447729854251e+11
-3.864222727645155e+11
-4.359347999802641e+11
-4.852028984294157e+11
-5.312647611516493e+11
-5.698518138682938e+11
-5.949760986353079e+11
-5.984088397626577e+11
-5.690254880053229e+11
-4.9198782777310767e+11
-3.4772835337859595e+11
-1.1069604930863153e+11
2.5218405163165533e+11
7.833925668151007e+11
1.53710170749985e+12
2.58193677247965e+12
4.0042928779795757e+12
5.91229460773158e+12
8.440493227873471e+12
1.1755401113219611e+13
1.6061964801804459e+13
2.1611074906167176e+13
2.8708200651307973e+13
3.7723216024173664e+13
4.9101449407317984e+13
6.337593393969538e+13
8.118075502076045e+13
1.032652758161879e+14
1.3050886050439367e+14
1.6393549466489044e+14
2.0472740553159528e+14
2.5423639047668138e+14
3.139910436028549e+14
3.856973950965374e+14
4.712296060501673e+14
5.726062440412139e+14
6.919462427232645e+14
8.313968507192779e+14
9.93023615688427e+14
1.178649626640854e+15
1.3896277307017392e+15
1.6265251076342242e+15
1.888694260840507e+15
2.1736979754836785e+15
2.4765478828570915e+15
2.788706705594362e+15
3.096792761071138e+15
3.3809115616090905e+15
3.6125230351654095e+15
3.7517336448084255e+15
3.7438801462291145e+15
3.5152455341936015e+15
2.967717567609322e+15
1.972165872127147e+15
3.602748579414423e+14
-2.0854734001622935e+15
-5.644019280639229e+15
-1.0670552111510342e+16
-1.7614398909748118e+16
-2.7040483776085492e+16
-3.965491595758623e+16
-5.6335306882820856e+16
-7.816644532452274e+16
-1.0648196680164696e+17
-1.4291262695229643e+17
-1.8944171360511514e+17
-2.4846798846993254e+17
-3.228763103859415e+17
-4.161157237453742e+17
-5.322842541507799e+17
-6.762188825533368e+17
-8.535880980732539e+17
-1.07098296902084e+18
-1.336000709390719e+18
-1.657312114956243e+18
-2.044700826546258e+18
-2.509057935737053e+18
-3.0623097198983987e+18
-3.717248962402656e+18
-4.48723099592319e+18
-5.385683839602655e+18
-6.425367030520529e+18
-7.61729531694932e+18
-8.969220505581027e+18
-1.0483536521536012e+19
-1.2154438081458766e+19
-1.3964121063390314e+19
-1.5877761271286628e+19
-1.7836946239682183e+19
-1.9751160220037906e+19
-2.1486833570667954e+19
-2.285336231694867e+19
-2.3585379426111324e+19
-2.332041408036176e+19
-2.1570906734450508e+19
-1.7689354045596172e+19
-1.0825137368839619e+19
1.2865928658649088e+17
1.6600410621021065e+19
4.041935872206769e+19
7.391185585215059e+19
1.2001735795604128e+20
1.8242741277976612e+20
2.6575119100535584e+20
3.757113614203439e+20
5.193742710304617e+20
7.054184021305967e+20
9.44444864946877e+20
1.2493331456244947e+21
1.6356443320699008e+21
2.1220724109405795e+21
2.7309417434731617e+21
3.4887451978243957e+21
4.4267122741720897e+21
5.581389441448899e+21
6.995205226898116e+21
8.716979630859765e+21
1.0802320270564893e+22
1.331382516437489e+22
1.6320982869457368e+22
1.989962309005984e+22
2.413072282229478e+22
2.909831210409648e+22
3.4886146498678544e+22
4.157271697098946e+22
4.922404755652018e+22
5.788358213546631e+22
6.755827780796598e+22
7.819979694667111e+22
8.967941505391517e+22
1.0175492801510766e+23
1.1402743998541295e+23
1.2588543056546992e+23
1.364329245983481e+23
1.4439790639712357e+23
1.4801631839676114e+23
1.4488604788054295e+23
1.3178422093744009e+23
1.0443987825026724e+23
5.725269404640373e+22
-1.7053185673941777e+22
-1.2785286158973713e+23
-2.8713653374678174e+23
-5.1013408241816055e+23
-8.160670433207789e+23
-1.229048679600034e+24
-1.7791547170612193e+24
-2.5036888061866106e+24
-3.4486676326722294e+24
-4.6705504455798325e+24
-6.238236107704212e+24
-8.235346930249094e+24
-1.0762811657390631e+25
-1.3941748874837071e+25
-1.7916635356605188e+25
-2.285871954757691e+25
-2.896960610283095e+25
-3.6484890129841914e+25
-4.567765568821681e+25
-5.686156742354576e+25
-7.039317102118691e+25
-8.667287014084342e+25
-1.0614385563682236e+26
-1.2928801618608896e+26
-1.5661754457049676e+26
-1.886605546329128e+26
-2.259385209270051e+26
-2.68932723098442e+26
-3.180360925099688e+26
-3.7348588704145975e+26
-4.3527142327997734e+26
-5.030096292185991e+26
-5.757793941472143e+26
-6.519035275377194e+26
-7.28664529909794e+26
-8.019372531078046e+26
-8.657178055361757e+26
-9.11523654505261e+26
-9.276347042601856e+26
-8.981390957121881e+26
-8.017404985338338e+26
-6.102756765869477e+26
-2.868820547380196e+26
2.1625511301894855e+26
9.606575333789918e+26
2.024904244765754e+27
3.5086839195992535e+27
5.537668434483974e+27
8.269339670736551e+27
1.1899912859176442e+28
1.6672508560182306e+28
2.288672976561676e+28
3.0909798158388963e+28
4.118939095618089e+28
5.4268292603754805e+28
7.080092809485625e+28
9.157176939870433e+28
1.1751549366363876e+29
1.4973860919001424e+29
1.8954203686770207e+29
2.3844382098443214e+29
2.9820071907983012e+29
3.7082685470916994e+29
4.586068709492667e+29
5.641000485351281e+29
6.901305921167706e+29
8.397576697944655e+29
1.0162167280354433e+30
1.2228209914911884e+30
1.4628087692913496e+30
1.739118075916154e+30
2.0540649576533938e+30
2.4088955851523965e+30
2.803174383396459e+30
3.2339609379764116e+30
3.694716813710597e+30
4.1738693760898515e+30
4.652942798954746e+30
5.104146208818112e+30
5.487284851143276e+30
5.745831727015072e+30
5.801963781318036e+30
5.550327870974306e+30
4.85025688735323e+30
3.51610512148908e+30
1.305313971663665e+30
-2.0962456209407578e+30
-7.09217870321733e+30
-1.4197321041305348e+31
-2.406402460031704e+31
-3.751373666177462e+31
-5.557471363850684e+31
-7.952677951848863e+31
-1.1095408976132551e+32
-1.5180688236689681e+32
-2.044731723953065e+32
-2.7186125254406614e+32
-3.5749367149400145e+32
-4.656130356414182e+32
-6.012994692372434e+32
-7.705988093691933e+32
-9.806595245084631e+32
-1.2398748254938381e+33
-1.558024355918411e+33
-1.9464070420202827e+33
-2.4179529472954958e+33
-2.987297062419682e+33
-3.670791556315905e+33
-4.4864247387182885e+33
-5.453604374070615e+33
-6.592749477790329e+33
-7.924617639225872e+33
-9.469273435802899e+33
-1.1244576657820612e+34
-1.326403570143382e+34
-1.5533830253396335e+34
-1.8048756702500508e+34
-2.0786787736190186e+34
-2.3701862212843124e+34
-2.671443025187589e+34
-2.9699168875731824e+34
-3.2469152508680496e+34
-3.475560697330195e+34
-3.618219191877799e+34
-3.6232541363486127e+34
-3.420954179635028e+34
-2.918453890566511e+34
-1.993433495818043e+34
-4.863467679759052e+33
1.8091151559027485e+34
5.157661457477981e+34
9.896526727434559e+34
1.6452519939505043e+35
2.5362484583806232e+35
3.729770543487511e+35
5.3092838927793765e+35
7.377997312798604e+35
1.0062843182799967e+36
1.3519091456970812e+36
1.7935649590957527e+36
2.3541087390859347e+36
3.061040346453046e+36
3.9472515412583834e+36
5.0518404964551293e+36
6.420977662710453e+36
8.108798732418867e+36
1.0178286647846271e+37
1.2702086036941389e+37
1.576316881546659e+37
1.9455237324546695e+37
2.388270925690616e+37
2.9160074286169753e+37
3.5410342733582364e+37
4.27622181279383e+37
5.134551373008571e+37
6.128419272300808e+37
7.268623652495103e+37
8.562932812800545e+37
1.0014106875848895e+38
1.161721163073127e+38
1.3356023110322217e+38
1.5198272519826945e+38
1.7089422010174577e+38
1.8944590771216954e+38
2.0638166118306485e+38
2.199053362053495e+38
2.275124171558972e+38
2.257777747585725e+38
2.1008969094392905e+38
1.7431845323925408e+38
1.1040571038429282e+38
7.858405469347285e+36
-1.4687153317481366e+38
-3.711434385780649e+38
-6.870448534882877e+38
-1.1224971271384115e+39
-1.7125807756566028e+39
-2.5011146856376832e+39
-3.542525725691188e+39
-4.9040469516403684e+39
-6.668282817717056e+39
-8.936177922424534e+39
-1.1830420868604935e+40
-1.5499305543325504e+40
-2.0121056880423985e+40
-2.5908604829238005e+40
-3.311475608511799e+40
-4.2037664657690705e+40
-5.302643515028084e+40
-6.648660114644598e+40
-8.288509840074645e+40
-1.0275418996860958e+41
-1.266935872921849e+41
-1.5536973442812569e+41
-1.8951086595569464e+41
-2.298959930362013e+41
-2.7733539287451945e+41
-3.326394458887909e+41
-3.965717480294554e+41
-4.6978128222675695e+41
-5.5270701481686654e+41
-6.454465335932925e+41
-7.475781981704553e+41
-8.579236548015128e+41
-9.742343899622176e+41
-1.0927821618633549e+42
-1.2078285471838289e+42
-1.3109433515592389e+42
-1.3901351273235974e+42
-1.4287493849077395e+42
-1.4040811376323062e+42
-1.2856380512284298e+42
-1.0329785627975177e+42
-5.93035802939382e+41
1.0317703610312107e+41
1.1446010515854339e+42
2.6450451336730172e+42
4.749137459559398e+42
7.639493810062993e+42
1.154530126045301e+43
1.675253396406924e+43
2.361603252554218e+43
3.257368728507969e+43
4.416296519225785e+43
5.904000509859541e+43
7.800147093698699e+43
1.0200928808402492e+44
1.3221828440217347e+44
1.7000660005590248e+44
2.1700850126729637e+44
2.751489099034352e+44
3.4667851430601375e+44
4.3420772079712895e+44
5.4073689447417446e+44
6.696792658835818e+44
8.248714772846015e+44
1.0105649228604848e+45
1.2313886967235353e+45
1.4922719735951755e+45
1.7983098556714536e+45
2.1545519402710096e+45
2.565686875068665e+45
3.035588708057803e+45
3.566681597445422e+45
4.159068058684628e+45
4.8093519688076473e+45
5.509070534614797e+45
6.24262880475069e+45
6.984605438615762e+45
7.696268638892898e+45
8.32110564450407e+45
8.779127147030085e+45
8.959658580247094e+45
8.712272579399996e+45
7.835450197452654e+45
6.062481995710197e+45
3.044033402026372e+45
-1.6732983975265517e+45
-8.673215919048574e+45
-1.8701637102801333e+46
-3.2705313856214116e+46
-5.187829748878605e+46
-7.771751765382457e+46
-1.1208885239151068e+47
-1.5730515401974244e+47
-2.1621774187612383e+47
-2.9232285496999086e+47
-3.898844441152731e+47
-5.140744324669213e+47
-6.7113113091274724e+47
-8.685357893543683e+47
-1.1152062047754408e+48
-1.4217047746286274e+48
-1.800456230039193e+48
-2.265967318820926e+48
-2.835036696241918e+48
-3.5269379258684516e+48
-4.3635514261813546e+48
-5.369411967274969e+48
-6.571626368605509e+48
-7.999600692834769e+48
-9.684496645467274e+48
-1.1658312076262543e+49
-1.3952449236351388e+49
-1.6595595341718448e+49
-1.9610691328971807e+49
-2.3010704459073092e+49
-2.6792846283982285e+49
-3.093078671790322e+49
-3.536430441718509e+49
-3.998567980399426e+49
-4.4621975853508393e+49
-4.901215874569507e+49
-5.277778079724411e+49
-5.538567654356809e+49
-5.610080404646772e+49
-5.392699209081234e+49
-4.753292487509003e+49
-3.516020487292669e+49
-1.4509778979750228e+49
1.739760755238386e+49
6.439194739784338e+49
1.3136125174357817e+50
2.2450210328037947e+50
3.516207959415272e+50
5.224931348066403e+50
7.492916438238766e+50
1.0470894365554646e+51
1.4344502325607074e+51
1.9341137948469557e+51
2.5737852148698565e+51
3.387034706356252e+51
4.414311527879593e+51
5.7040708691511374e+51
7.31400540510018e+51
9.312362974778641e+51
1.1779317500705758e+52
1.4808340593967263e+52
1.850749474267598e+52
2.3000533625023165e+52
2.8427648527876973e+52
3.494563913319612e+52
4.272720843256605e+52
5.195898082148747e+52
6.28377141409261e+52
7.556401409416715e+52
9.033265529603046e+52
1.073183579333116e+53
1.2665555163602915e+53
1.484102657371613e+53
1.7254180251252406e+53
1.9885125971724006e+53
2.2691325064500537e+53
2.5598630115797465e+53
2.8489635798685488e+53
3.1188659266281522e+53
3.3442519982142793e+53
3.4896113448780355e+53
3.506156764788686e+53
3.327953178569307e+53
2.867087106573569e+53
2.007672618146539e+53
5.984540528077967e+52
-1.5562738131241868e+53
-4.7077509156329465e+53
-9.176211776992612e+53
-1.5367138293917933e+54
-2.3790772791269614e+54
-3.508540558173573e+54
-5.004499202500067e+54
-6.96516832410033e+54
-9.511386466408724e+54
-1.2791027729746808e+55
-1.698407341499193e+55
-2.2308382080643847e+55
-2.902617607109233e+55
-3.745123017958044e+55
-4.795670020522852e+55
-6.098346070128218e+55
-7.704872578775164e+55
-9.675459644380774e+55
-1.2079600208938554e+56
-1.4996727091041025e+56
-1.8516625666561817e+56
-2.273945503967426e+56
-2.7775178996848323e+56
-3.3742141994536506e+56
-4.076444141179996e+56
-4.896764110018529e+56
-5.847223784783347e+56
-6.9384125741956765e+56
-8.178109645954877e+56
-9.569415788924226e+56
-1.1108213944363858e+57
-1.2779766868627878e+57
-1.4554213754516528e+57
-1.6380671275460932e+57
-1.817957678365604e+57
-1.9832830477959993e+57
-2.1171197297082854e+57
-2.1958316012873888e+57
-2.1870530372928785e+57
-2.0471603096322177e+57
-1.718119618085552e+57
-1.1235798856548916e+57
-1.6405568300557322e+56
1.288979649632655e+57
3.400298247117551e+57
6.379656440913232e+57
1.0492335781806358e+58
1.6071784879718786e+58
2.3534689456545377e+58
3.339882248997629e+58
4.6304042774129813e+58
6.303681363183976e+58
8.455859711003574e+58
1.1203843373146665e+59
1.4688993183121097e+59
1.9081274808718713e+59
2.4583842187502282e+59
3.143801046064923e+59
3.9928526816974327e+59
5.038898420677574e+59
6.32071364075895e+59
7.882975681522859e+59
9.776652937191528e+59
1.2059225805241529e+60
1.4794641878116301e+60
1.8052873920933748e+60
2.190890587607102e+60
2.6440917113480786e+60
3.1727365678840914e+60
3.784258411774524e+60
4.4850392690686505e+60
5.279509985025618e+60
6.168909333945275e+60
7.149602090912886e+60
8.210831018960305e+60
9.331747438659435e+60
1.0477528481277045e+61
1.1594345232207861e+61
1.2602893594780583e+61
1.3390137601552475e+61
1.3798841762685118e+61
1.3614383540117883e+61
1.2548237889056376e+61
1.0217411874895204e+61
6.118977795261458e+60
-4.0129237320214274e+59
-1.0187349679458676e+61
-2.4319682083957977e+61
-4.4172040394761006e+61
-7.1479790122872e+61
-1.0842179422079716e+62
-1.577179088343509e+62
-2.227443201510634e+62
-3.0766904097310184e+62
-4.176098875833152e+62
-5.588171259980713e+62
-7.388826521164119e+62
-9.669769739568531e+62
-1.2541142935702199e+63
-1.613444508726318e+63
-2.0605687999644826e+63
-2.613872420347064e+63
-3.294864088992737e+63
-4.128505660248883e+63
-5.1435080669001036e+63
-6.37255938189393e+63
-7.85243754569004e+63
-9.62394305013479e+63
-1.1731564657346826e+64
-1.4222762850028977e+64
-1.714671968969007e+64
-2.0552358335054084e+64
-2.4485378531783782e+64
-2.8983983415455247e+64
-3.407288500761095e+64
-3.975506735406023e+64
-4.600065331285968e+64
-5.273205888548831e+64
-5.980442237690763e+64
-6.698005856089301e+64
-7.389540372426466e+64
-8.001857863247309e+64
-8.459529522066897e+64
-8.658036092702046e+64
-8.455148373650153e+64
-7.660144325658643e+64
-6.02039615883994e+64
-3.204777741806885e+64
1.216750412188395e+64
7.798124149441795e+64
1.7247583750147931e+65
3.0464482278718506e+65
4.858359064559596e+65
7.302811468709759e+65
1.0557274799836782e+66
1.484181706821523e+66
2.0427845248758317e+66
2.764828069728463e+66
3.6909304166932196e+66
4.8703781833198106e+66
6.362644254180426e+66
8.239081044876625e+66
1.0584779761861229e+67
1.350057168284557e+67
1.7105127159934873e+67
2.1537080040180533e+67
2.695706725213331e+67
3.3549522607231036e+67
4.152399691532735e+67
5.111568899609062e+67
6.258475877743085e+67
7.621384792648153e+67
9.230304748036375e+67
1.111613162120302e+68
1.3309305653902212e+68
1.5837818299079806e+68
1.8724355536515232e+68
2.198230755878638e+68
2.5610304153457593e+68
2.9584848665233064e+68
3.3850518116430816e+68
3.8307069480067443e+68
4.2792638389338163e+68
4.706203245501072e+68
5.075890217727874e+68
5.338031318535354e+68
5.423193902194312e+68
5.237173871787193e+68
4.653957308503519e+68
3.5069743844318154e+68
1.5782907603684522e+68
-1.414677828573146e+68
-5.835407609337507e+68
-1.214801600352991e+69
-2.09411431960866e+69
-3.2956667143628926e+69
-4.912402679191798e+69
-7.060099421229988e+69
-9.882178686508852e+69
-1.3555343553904642e+70
-1.8296130709782457e+70
-2.4368460438029675e+70
-3.2092250245450535e+70
-4.18531296806763e+70
-5.411324906249325e+70
-6.94231077958319e+70
-8.843423140854222e+70
-1.1191239109837038e+71
-1.4075087370702872e+71
-1.759830589167848e+71
-2.1879322572901623e+71
-2.705240691474582e+71
-3.326788323341524e+71
-4.0691521482405584e+71
-4.950272615472985e+71
-5.989102192668644e+71
-7.205018048341408e+71
-8.616913892492324e+71
-1.0241861744010868e+72
-1.2093204206199988e+72
-1.4177900492019104e+72
-1.6492903503418377e+72
-1.9020289058327765e+72
-2.1720789948159766e+72
-2.4525304707061668e+72
-2.732385131936408e+72
-2.9951316856131962e+72
-3.216921224665977e+72
-3.3642473896435143e+72
-3.391015739540945e+72
-3.2348639887086433e+72
-2.8125683792610374e+72
-2.0143413034148197e+72
-6.967912143314363e+71
1.3257221365879687e+72
4.291645802041563e+72
8.50505860691389e+72
1.435116351806072e+73
2.2314895473342756e+73
3.3003138267123484e+73
4.7171084010650684e+73
6.575329784328163e+73
8.990006184742885e+73
1.2101955584517542e+74
1.6082637597383536e+74
2.11396777509029e+74
2.752308338764773e+74
3.553214000313988e+74
4.552293178805317e+74
5.791636562502461e+74
7.320648772401766e+74
9.196875879396429e+74
1.1486778752704524e+75
1.426638012313204e+75
1.7621684183379425e+75
2.1648729687884997e+75
2.6453088611564747e+75
3.2148559742372803e+75
3.8854726796176524e+75
4.669294974889806e+75
5.578023127748033e+75
6.622024176355699e+75
7.809058946232751e+75
9.142517920018501e+75
1.0619020402902861e+76
1.2225194885403752e+76
1.3933414079891843e+76
1.569620439403799e+76
1.7438985029197485e+76
1.9050714715823802e+76
2.0371932435333894e+76
2.1179570330451115e+76
2.1167790323418242e+76
1.9923948733021337e+76
1.6898623573179168e+76
1.1368445766025523e+76
2.3902573932068413e+75
-1.1255122461115948e+76
-3.113150903848972e+76
-5.92306093350445e+76
-9.807249062606277e+76
-1.5082612190272744e+77
-2.2145313081051704e+77
-3.148781590556896e+77
-4.3718936494093247e+77
-5.958726654495021e+77
-8.000831680910448e+77
-1.0609568289951003e+78
-1.3919645754986113e+78
-1.8093098009997046e+78
-2.3323680857256e+78
-2.9841649732248064e+78
-3.791883324822031e+78
-4.787385784903512e+78
-6.007729717290402e+78
-7.495640989197634e+78
-9.2998984025636e+78
-1.1475561434839553e+79
-1.4083949060524741e+79
-1.7192245320641157e+79
-2.0872566211105163e+79
-2.5200270217365646e+79
-3.025122883520517e+79
-3.6097690576175076e+79
-4.2802268558264484e+79
-5.040945344878027e+79
-5.893389511314135e+79
-6.834450183408954e+79
-7.854316846930915e+79
-8.933665647480925e+79
-1.0039980034683775e+80
-1.112277966732574e+80
-1.2107483256537806e+80
-1.2887571780307007e+80
-1.3314648696470118e+80
-1.3185912128469888e+80
-1.222845925250571e+80
-1.0079734160224796e+80
-6.263306451839689e+79
-1.590283153997308e+78
9.033536859174538e+79
2.2339689908089907e+80
4.1063630738189663e+80
6.685359415445564e+80
1.0177991326501071e+81
1.4842800961854228e+81
2.100084530380148e+81
2.9048632633860374e+81
3.947321393924372e+81
5.286964209455244e+81
6.996098187000063e+81
9.1620998397405e+81
1.1889956095483259e+82
1.5305066023577894e+82
1.9556273450793076e+82
2.481907126680884e+82
3.1298878411779534e+82
3.923423638463113e+82
4.889969951204575e+82
6.060809707578596e+82
7.471171940332234e+82
9.160181642455622e+82
1.1170558649116938e+83
1.354795638891207e+83
1.6339797146192178e+83
1.9593417326760387e+83
2.335328210715938e+83
2.7656961377550184e+83
3.2529475229666376e+83
3.797551407458153e+83
4.396891193568477e+83
5.043859709090921e+83
5.7250056938806e+83
6.418112797696446e+83
7.089065068707589e+83
7.687820587168302e+83
8.143276600328879e+83
8.356764448345047e+83
8.193859933675231e+83
7.474133808404995e+83
5.958397059916586e+83
3.332916171532146e+83
-8.100156711368188e+82
-6.995864093112423e+83
-1.5896815537231859e+84
-2.8366849196790714e+84
-4.548396922761529e+84
-6.860076265964249e+84
-9.940455403745286e+84
-1.399885130854733e+85
-1.929351214169088e+85
-2.6141339767714782e+85
-3.492911894909552e+85
-4.612636278701028e+85
-6.029984562707152e+85
-7.812983283457355e+85
-1.0042792330446176e+86
-1.2815628472195507e+86
-1.6244786995666106e+86
-2.046269385166324e+86
-2.5622884829261133e+86
-3.1901760312642654e+86
-3.9499900779265153e+86
-4.864264527067828e+86
-5.957952755791173e+86
-7.25820264609942e+86
-8.793891026451755e+86
-1.0594823132740616e+87
-1.2690474490955125e+87
-1.5108117289569118e+87
-1.7870129300366161e+87
-2.0990228894763216e+87
-2.4468312547907e+87
-2.82834889364228e+87
-3.2384803450524173e+87
-3.6679025386640677e+87
-4.10147235748955e+87
-4.516168062476851e+87
-4.878448685512623e+87
-5.140890750522411e+87
-5.237932599321913e+87
-5.080522677661548e+87
-4.549428902374497e+87
-3.486921275720285e+87
-1.6864889569675078e+87
1.1198040311955786e+87
5.276783154043963e+87
1.1224974477691687e+88
1.952336105323669e+88
3.0876756438755416e+88
4.6168538667345345e+88
6.649955239272252e+88
9.323403707819846e+88
1.2805346482963565e+89
1.7301915901088735e+89
2.306444955766499e+89
3.039773385002836e+89
3.966930964481086e+89
5.131983679262508e+89
6.587445122888382e+89
8.395495748487304e+89
1.0629257176492436e+90
1.3374075518005024e+90
1.6728743927542356e+90
2.0806562918628705e+90
2.573609519301645e+90
3.1661417173766127e+90
3.874159880904304e+90
4.71490525157406e+90
5.706627648744712e+90
6.868037111433726e+90
8.21745228846589e+90
9.771541941955359e+90
1.1543527222330456e+91
1.3540676851232833e+91
1.5760883631796076e+91
1.8188057192613262e+91
2.0786002720408503e+91
2.3490376550439845e+91
2.619821450440805e+91
2.8754415177077944e+91
3.0934425123112238e+91
3.2422213043474798e+91
3.2782432465999834e+91
3.142545392578718e+91
2.7563695355761703e+91
2.0157390857986704e+91
7.847611673744403e+90
-1.1126011164163508e+91
-3.9025813384112496e+91
-7.873825551202846e+91
-1.3392154773947668e+92
-2.0918303640620963e+92
-3.102910892733509e+92
-4.4442660788814054e+92
-6.204795866742773e+92
-8.49396262706186e+92
-1.144582265995597e+93
-1.5223666649392316e+93
-2.0025307429928169e+93
-2.6089035278869963e+93
-3.3700232475134695e+93
-4.319859651171201e+93
-5.498586056302184e+93
-6.953381481612396e+93
-8.73923157889237e+93
-1.0919681364086227e+94
-1.3567471833722036e+94
-1.676496502274978e+94
-2.060422617160644e+94
-2.5186585286554203e+94
-3.062144089043801e+94
-3.7023993007120724e+94
-4.4511496584527546e+94
-5.319750605884995e+94
-6.3183431134972785e+94
-7.454653663471428e+94
-8.73232878296976e+94
-1.0148665813380255e+95
-1.169156680744873e+95
-1.3335500126088636e+95
-1.5036203117863408e+95
-1.67237976984289e+95
-1.829391703673286e+95
-1.9596354088068662e+95
-2.042063946865796e+95
-2.047783516399488e+95
-1.9377689856149004e+95
-1.660013945520021e+95
-1.1459951281818169e+95
-3.063101426821372e+94
9.746757783519495e+94
2.84536380277406e+95
5.494853404095394e+95
9.162517796128496e+95
1.414949724799621e+96
2.0832411918976813e+96
2.967961943432932e+96
4.12703590637972e+96
5.631712960082544e+96
7.56916358191213e+96
1.0045460060817434e+97
1.318896658608326e+97
1.7154148090585285e+97
2.212578845966924e+97
2.8323580273989674e+97
3.600700765638781e+97
4.548038725857173e+97
5.709785518821838e+97
7.126798377184888e+97
8.845757403796538e+97
1.0919398847826281e+98
1.3406515265595941e+98
1.6371604967730282e+98
1.9884014148357002e+98
2.4016365482371225e+98
2.884200428857992e+98
3.4431114624519404e+98
4.084505937089582e+98
4.812837629975936e+98
5.629771138725827e+98
6.532678549704685e+98
7.512626439260333e+98
8.55171272356789e+98
9.619579667739266e+98
1.0668889470277756e+99
1.1629501191542154e+99
1.2401031244306368e+99
1.2843412996288464e+99
1.27649930080419e+99
1.190761083664319e+99
9.928005086575284e+98
6.374769635791757e+98
6.599502706687104e+97
-7.975776463605069e+98
-2.0505562385533984e+99
-3.8167877986306746e+99
-6.252860673985913e+99
-9.555549532425858e+99
-1.3970687963237152e+100
-1.980367479534289e+100
-2.7431829620669662e+100
-3.7318814597696375e+100
-5.0031329426037924e+100
-6.6258259079648956e+100
-8.683240240895105e+100
-1.1275482485712472e+101
-1.4522174835512955e+101
-1.856537006439282e+101
-2.3572637528582985e+101
-2.97402277725034e+101
-3.729617207914497e+101
-4.6503104603293245e+101
-5.766050367094388e+101
-7.110592941747583e+101
-8.721467978490649e+101
-1.0639708696395369e+102
-1.2909242064247084e+102
-1.5575803958019357e+102
-1.8685202302318928e+102
-2.228069990905373e+102
-2.6399224565708036e+102
-3.1066034340800774e+102
-3.628736789519555e+102
-4.2040489122921065e+102
-4.826038843094674e+102
-5.48222245286944e+102
-6.151837522117519e+102
-6.802870722934451e+102
-7.388236673363505e+102
-7.840902686315227e+102
-8.067709807761745e+102
-7.941590454571019e+102
-7.291824672997037e+102
-5.891910082385122e+102
-3.444544450952638e+102
4.3686564111643104e+101
6.250851238350074e+102
1.463546666034216e+103
2.6401707907520835e+103
4.257377023283246e+103
6.443726279620301e+103
9.359660131515571e+103
1.3204288385193356e+104
1.8223360598762744e+104
2.4718556996177273e+104
3.3058226137489407e+104
4.368967714490305e+104
5.7153098613282566e+104
7.409711849237593e+104
9.529593138355838e+104
1.216677918008231e+105
1.542944912107263e+105
1.9444118690275042e+105
2.4357561159664396e+105
3.0338523872296535e+105
3.757903778894919e+105
4.629503890705799e+105
5.672591844559064e+105
6.913248748800781e+105
8.379267418205473e+105
1.0099405896066674e+106
1.2102208517015646e+106
1.4414244653237658e+106
1.7057573424811782e+106
2.0046190782552794e+106
2.3381151444611937e+106
2.7043979808942548e+106
3.0987888432153973e+106
3.5126206833201485e+106
3.931728371763576e+106
4.334495829409071e+106
4.689349686372308e+106
4.951565468520222e+106
5.059224542684743e+106
4.928127645864763e+106
4.445433319294036e+106
3.4617465661736685e+106
1.7813342701643595e+106
-8.499107388687013e+105
-4.7591953991975415e+106
-1.0364745678718523e+107
-1.8197492266590377e+107
-2.8927166371961795e+107
-4.339351852554088e+107
-6.264343612154455e+107
-8.79747850485693e+107
-1.2098782759444642e+108
-1.6364505983417783e+108
-2.183402493813549e+108
-2.8797731540378523e+108
-3.760594465612373e+108
-4.867884591741378e+108
-6.251738060534e+108
-7.971497901464854e+108
-1.0096983327019308e+109
-1.2709729871437735e+109
-1.590417644285362e+109
-1.9788703758204775e+109
-2.4486389049784187e+109
-3.013529021133935e+109
-3.6888005561999664e+109
-4.491016932642148e+109
-5.437743311614032e+109
-6.5470344539902125e+109
-7.836635882965687e+109
-9.322799999481358e+109
-1.1018591495802317e+110
-1.293152261207262e+110
-1.506031716776572e+110
-1.739055134457836e+110
-1.988885713870194e+110
-2.249529923261907e+110
-2.5113445500989348e+110
-2.7597542953788573e+110
-2.973608189467276e+110
-3.123087850823093e+110
-3.167062694872503e+110
-3.0497663254585863e+110
-2.6966442213368478e+110
-2.0091952252781384e+110
-8.585980946221459e+109
9.221205482267724e+109
3.547658947943594e+110
7.292077175477493e+110
1.250286549313198e+111
1.9617855679430452e+111
2.918542978617336e+111
4.1888519040806475e+111
5.857291459485965e+111
8.028042520641384e+111
1.0828740608564939e+112
1.4414913642516712e+112
1.897504252028321e+112
2.4736265551719186e+112
3.1970721079106495e+112
4.100248278929745e+112
5.221498493946784e+112
6.605875449532175e+112
8.305915709467167e+112
1.0382371511514533e+113
1.2904835810866193e+113
1.5952170502864613e+113
1.9612613743912032e+113
2.3983398291302016e+113
2.916965632695501e+113
3.528231430263723e+113
4.243459030694047e+113
5.0736591940676605e+113
6.028736948853643e+113
7.116360111644775e+113
8.340386663660551e+113
9.698719556972584e+113
1.1180424394745879e+114
1.276190512220402e+114
1.440188409200866e+114
1.6034874184109225e+114
1.756276046570808e+114
1.8844025431253382e+114
1.9680053314489987e+114
1.97978334051582e+114
1.882824784508822e+114
1.627897427864819e+114
1.1500856563762693e+114
3.646396643801724e+113
-8.381202339854582e+113
-2.599025618843861e+114
-5.097616036360239e+114
-8.561264367564418e+114
-1.3276134488180823e+115
-1.9600260732803532e+115
-2.7979061801362226e+115
-3.896361842357824e+115
-5.323205010999013e+115
-7.161431593856366e+115
-9.51207298872746e+115
-1.2497441258586312e+116
-1.6264778525188007e+116
-2.0990303078058843e+116
-2.688361793220517e+116
-3.419240929050347e+116
-4.3207308985553554e+116
-5.426672196464897e+116
-6.776132156807252e+116
0
0
0
0
0
0
0
0
0
0
0
0
0
0
0
0
0
