0
0
0
0
0
0
0
0
0
0
0
0
0
0
0
0
0
1687.6384452000111
25237.905791213307
198807.1168172239
1.1002685721456439e+06
4.807598698920525e+06
1.765937340291113e+07
5.668643536884146e+07
1.632178945402257e+08
4.294548066683076e+08
1.0469747494957819e+09
2.390238626953181e+09
5.15316381780005e+09
1.0562506761693459e+10
2.0697800207868168e+10
3.895338851543192e+10
7.068303204509692e+10
1.2407085322049014e+11
2.1127330040849683e+11
3.498746133310296e+11
5.646924572998909e+11
8.899606851879924e+11
1.37190264856368e+12
2.071691543849921e+12
3.0687747377049517e+12
4.464517962796985e+12
6.38610399454445e+12
8.990600217699492e+12
1.2469091485689242e+13
1.7050759543891494e+13
2.300677799708297e+13
3.065388132002227e+13
4.035745541894522e+13
5.253398185151505e+13
6.765264223199795e+13
8.623584563835745e+13
1.0885836954070622e+14
1.3614469054045073e+14
1.6876390836301647e+14
2.0742141452042856e+14
2.528461007573354e+14
3.057714114167325e+14
3.669078816252914e+14
4.3690392595804706e+14
5.1629049806595225e+14
6.054037694992169e+14
7.0427810435869e+14
8.124992532967966e+14
9.290047622755176e+14
1.0518149835224688e+15
1.1776736726435405e+15
1.3015718316343108e+15
1.4161220799620232e+15
1.510743268177859e+15
1.5706061542697545e+15
1.575280612355216e+15
1.4970129212870672e+15
1.2985480977729312e+15
9.303969447373146e+14
3.2743048886490744e+14
-5.953341284847921e+14
-1.94791226200949e+15
-3.8716718999982805e+15
-6.546993906769052e+15
-1.0202492134517378e+16
-1.5126032764619406e+16
-2.16778085215626e+16
-3.030573399623907e+16
-4.156342998231233e+16
-5.6131053111370456e+16
-7.483919635711662e+16
-9.869602847889682e+16
-1.2891774610126957e+17
-1.669622677303212e+17
-2.145658875670456e+17
-2.7378230659836237e+17
-3.470230411394122e+17
-4.3709763920834476e+17
-5.4725136793155104e+17
-6.81197014231053e+17
-8.431360959886286e+17
-1.0377630244445279e+18
-1.270243483156907e+18
-1.5461553625118602e+18
-1.8713768508293202e+18
-2.2519015389894428e+18
-2.693554411143444e+18
-3.2015750897551734e+18
-3.7800253469807104e+18
-4.430966295142999e+18
-5.153336369661892e+18
-5.941443688481004e+18
-6.78296500462604e+18
-7.656317572309675e+18
-8.527239047099212e+18
-9.34437318045338e+18
-1.003361461818653e+19
-1.049091358370928e+19
-1.0573179603425612e+19
-1.0086851710625544e+19
-8.77361982096441e+18
-6.292687452463575e+18
-2.198859208993129e+18
4.0843825259954975e+18
1.3297777705897443e+19
2.638627178677158e+19
4.454733497782687e+19
6.928901884412532e+19
1.0249929339758387e+20
1.4652833196980886e+20
2.042855015794094e+20
2.7935285104564365e+20
3.761168376978306e+20
4.999198559437324e+20
6.572327739543404e+20
8.558490785864117e+20
1.1051002829272702e+21
1.4160908490345554e+21
1.8019488716954987e+21
2.2780859683706136e+21
2.8624559875255587e+21
3.575796983358688e+21
4.441834036787105e+21
5.487411468332244e+21
6.742511218368549e+21
8.240098965107832e+21
1.0015720058051333e+22
1.2106742530039175e+22
1.4551113066522543e+22
1.7385452359392378e+22
2.064226696990686e+22
2.434599355660318e+22
2.8507515601738996e+22
3.3116699688326232e+22
3.813238457391102e+22
4.346911791509456e+22
4.897976813360624e+22
5.4432937663414615e+22
5.948386324614673e+22
6.3637203155600724e+22
6.619977398665979e+22
6.622090452796992e+22
6.241761496021072e+22
5.308130043654884e+22
3.5961994414637875e+22
8.125606323623893e+21
-3.42212291778798e+22
-9.594488269880197e+22
-1.8324411954439912e+23
-3.039631527706999e+23
-4.6796729318169745e+23
-6.875910091268746e+23
-9.781689637592332e+23
-1.358661120902995e+24
-1.8523831559349338e+24
-2.48785297599519e+24
-3.2997628783191014e+24
-4.3300844050594435e+24
-5.62930882810341e+24
-7.257819822537108e+24
-9.287385496910954e+24
-1.180274356505713e+25
-1.4903234828913327e+25
-1.8704414733611915e+25
-2.3339538599971695e+25
-2.8960770800927473e+25
-3.573990861244309e+25
-4.386833402275408e+25
-5.355580687750043e+25
-6.502758483011719e+25
-7.851919294104835e+25
-9.42679603341742e+25
-1.1250018338129688e+26
-1.3341245290536128e+26
-1.5714528321956934e+26
-1.837466874174677e+26
-2.13122737504381e+26
-2.4497140810121546e+26
-2.7869510380693095e+26
-3.132861848360461e+26
-3.4717850188776216e+26
-3.780563948030991e+26
-4.026107630829344e+26
-4.16229640391761e+26
-4.1260815959216526e+26
-3.8325984062000505e+26
-3.16907735577007e+26
-1.9873009676101097e+26
-9.430880579702018e+24
2.7589942870507195e+26
6.891724572042543e+26
1.27098544118659e+27
2.0726508099429418e+27
3.158628864959014e+27
4.609425979177728e+27
6.525025263583071e+27
9.028919574855243e+27
1.2272817092027918e+28
1.6442086153542983e+28
2.1761996860926575e+28
2.8504799804233467e+28
3.69976541229517e+28
4.763137407105736e+28
6.08699002829016e+28
7.726031263475667e+28
9.744307785796152e+28
1.2216205668199176e+29
1.5227356950759583e+29
1.8875352055722263e+29
2.327011884853263e+29
2.8533778239408784e+29
3.479972065231864e+29
4.2210563857554314e+29
5.091454621359398e+29
6.1059775048941474e+29
7.278558145869599e+29
8.621002272887109e+29
1.014123131140057e+30
1.1840864243321132e+30
1.3711944787157426e+30
1.5732572357682355e+30
1.7861136923728998e+30
2.0028787485831794e+30
2.2129679438664624e+30
2.4008445366712737e+30
2.544421447699911e+30
2.613036541507347e+30
2.564903312348388e+30
2.3439200267811083e+30
1.8756985445271626e+30
1.0626492335160558e+30
-2.220694487500631e+29
-2.141958936826961e+30
-4.9062017974578054e+30
-8.780587459139899e+30
-1.4100670250618137e+31
-2.1287523619496316e+31
-3.086648755606489e+31
-4.348933311977727e+31
-5.996028383034839e+31
-8.126633207050195e+31
-1.0861226083051066e+32
-1.4346071550281809e+32
-1.8757755174377986e+32
-2.430824937704472e+32
-3.1250484716024264e+32
-3.988435883324782e+32
-5.056305574829499e+32
-6.369946597858304e+32
-7.977238645106559e+32
-9.933203000213207e+32
-1.2300417709074008e+33
-1.5149204438082066e+33
-1.8557461035698381e+33
-2.260997078972273e+33
-2.739696443614455e+33
-3.3011641299822846e+33
-3.954626813378863e+33
-4.708636421031306e+33
-5.570234417748047e+33
-6.543782043559543e+33
-7.629355763698693e+33
-8.820581561570344e+33
-1.010175046742057e+34
-1.1444019849714807e+34
-1.2800459352839917e+34
-1.4099645664165135e+34
-1.5237445135438172e+34
-1.6066546167062512e+34
-1.6383212623738753e+34
-1.5910623814877343e+34
-1.4278044253608951e+34
-1.0994926224194441e+34
-5.418889248725628e+33
3.283657402609062e+33
1.618567924663585e+34
3.465811063197136e+34
6.044074511383306e+34
9.572751836178464e+34
1.4326850345966546e+35
2.0649114054367096e+35
2.896433806577993e+35
3.979615060700409e+35
5.378653532053003e+35
7.171834521623543e+35
9.454101319649211e+35
1.2339958227559787e+36
1.596670484346619e+36
2.0497981362226405e+36
2.612757641359155e+36
3.308340930433806e+36
4.163154397397747e+36
5.208001816304559e+36
6.47821727904911e+36
8.013903659178351e+36
9.860015134749179e+36
1.2066200329874195e+37
1.4686294410161968e+37
1.7777312473478045e+37
2.139775098044749e+37
2.5604946566419827e+37
3.045116973880814e+37
3.5978041571321985e+37
4.2208750883489655e+37
4.913741323918859e+37
5.671474642008511e+37
6.482903408718978e+37
7.328110359847416e+37
8.175174804632696e+37
8.975966835395859e+37
9.660758982469584e+37
1.0131370937736505e+38
1.0252504498443012e+38
9.840857776768694e+37
8.651529065248618e+37
6.361130778535072e+37
2.54693211245104e+37
-3.33876459004731e+37
-1.1999933705213954e+38
-2.4334877025657248e+38
-4.148221138568529e+38
-6.487613290572107e+38
-9.631243597485097e+38
-1.3802688773084778e+39
-1.9278765058293118e+39
-2.6400348537501797e+39
-3.5584942769186806e+39
-4.734114714622615e+39
-6.228514669348761e+39
-8.115928781267634e+39
-1.0485271620318284e+40
-1.3442392175192804e+40
-1.7112484643907776e+40
-2.1642594727278833e+40
-2.720412442600104e+40
-3.399518949886168e+40
-4.2242618705554524e+40
-5.22032983322382e+40
-6.416445385405175e+40
-7.844231626841231e+40
-9.537843551274101e+40
-1.1533266760295226e+41
-1.3867156379978723e+41
-1.6575051495811458e+41
-1.9688753522130542e+41
-2.3232598622260415e+41
-2.7218282221431703e+41
-3.1637805033713494e+41
-3.6454001643859804e+41
-4.158798085643767e+41
-4.690264755675306e+41
-5.218128401677807e+41
-5.7099939221013626e+41
-6.11921022286143e+41
-6.380381382634885e+41
-6.4036993581172175e+41
-6.06783207803238e+41
-5.211050204764002e+41
-3.620218110176905e+41
-1.0172094484275805e+41
2.9577648612081637e+41
8.76650793705955e+41
1.699754456162906e+42
2.8395951347197e+42
4.389916543567062e+42
6.467971321487945e+42
9.219587460990785e+42
1.282513511265217e+43
1.7506502311140566e+43
2.3535184482624236e+43
3.124158097262068e+43
4.102556894972456e+43
5.336838653810777e+43
6.88457972618026e+43
8.814241958092697e+43
1.1206697918646212e+44
1.4156806602858236e+44
1.7774973795261824e+44
2.2188598972490263e+44
2.754326770005667e+44
3.4003492074128124e+44
4.175272834019396e+44
5.099230605740549e+44
6.193878179258609e+44
7.481907592391367e+44
8.98625559988501e+44
1.072889849807229e+45
1.2729094662222748e+45
1.5000898008916812e+45
1.7549718650514592e+45
2.036764934275315e+45
2.3427205872430677e+45
2.6673043920904497e+45
3.0011111484709665e+45
3.3294571629694866e+45
3.6305681883103994e+45
3.8732640339113794e+45
4.0140200774205443e+45
3.993261585992928e+45
3.730718513793733e+45
3.119635936448593e+45
2.0195982462763495e+45
2.4768352413463596e+44
-2.4323818153139987e+45
-6.323448580529475e+45
-1.1810985079272877e+46
-1.9382422760772012e+46
-2.965035389068177e+46
-4.3380180536603994e+46
-6.152285857814523e+46
-8.525341002172979e+46
-1.1601588238613157e+47
-1.5557540286853274e+47
-2.060778907720584e+47
-2.7011783233360316e+47
-3.508142589770544e+47
-4.518946660268693e+47
-5.7778601638768784e+47
-7.33711131842412e+47
-9.257876064394278e+47
-1.161124784984887e+48
-1.4479122136018929e+48
-1.795490137686934e+48
-2.21438890854449e+48
-2.716319333543845e+48
-3.3140897842824595e+48
-4.021417920146032e+48
-4.8525947756750044e+48
-5.821946199333388e+48
-6.943020620066297e+48
-8.227412144183897e+48
-9.683103206628685e+48
-1.1312180429177365e+49
-1.3107739822236282e+49
-1.504975167678635e+49
-1.7099599907461466e+49
-1.919294350557726e+49
-2.1230467220054507e+49
-2.3065992491473325e+49
-2.449130574186518e+49
-2.5216926976036815e+49
-2.4847884848910516e+49
-2.2853382553858865e+49
-1.8529030011741344e+49
-1.0950080332509058e+49
1.0861583023778249e+48
1.913085965735335e+49
4.5169611126658e+49
8.172652775629496e+49
1.3198968915290075e+50
1.9996138877268987e+50
2.906370079008292e+50
4.102165914492343e+50
5.663533649330532e+50
7.684434305041657e+50
1.0279606322482481e+51
1.3588399772771127e+51
1.777911894889435e+51
2.3053878227179217e+51
2.965394882642132e+51
3.786553437744276e+51
4.802585706603075e+51
6.052935849012869e+51
7.583371394298386e+51
9.446521767787584e+51
1.1702290998133338e+52
1.4418057240749702e+52
1.7668540033762002e+52
2.1535175381756174e+52
2.6104786612168136e+52
3.146727277516143e+52
3.771195291939751e+52
4.492209999756908e+52
5.316706783083103e+52
6.249125305201078e+52
7.28989348784069e+52
8.433379152052279e+52
9.665159446240224e+52
1.0958422098921319e+53
1.226926901673786e+53
1.3530640572751371e+53
1.4644516751242817e+53
1.5471977689689417e+53
1.5820619578088782e+53
1.5428720822149933e+53
1.3945436404647314e+53
1.0906164236057749e+53
5.702075081735965e+52
-2.457372904734239e+52
-1.4590302302765098e+53
-3.1998238525006065e+53
-5.633367319902292e+53
-8.96813775322797e+53
-1.3465569110386484e+54
-1.9451620871807446e+54
-2.7330444432516935e+54
-3.760041369239236e+54
-5.0872783829466554e+54
-6.789322318395758e+54
-8.956642032679754e+54
-1.1698389221186609e+55
-1.5145499741682847e+55
-1.9454097485740958e+55
-2.480915625092405e+55
-3.1428337650533105e+55
-3.956587155280531e+55
-4.95162757270077e+55
-6.161761811822002e+55
-7.625390205343148e+55
-9.385599376712618e+55
-1.149003031816488e+56
-1.3990416098249226e+56
-1.6941649322642745e+56
-2.0400196153148254e+56
-2.4421619131957395e+56
-2.9056902752907045e+56
-3.434719069096518e+56
-4.0316438334841215e+56
-4.696135465608172e+56
-5.423784871939117e+56
-6.204300280094804e+56
-7.019135987623359e+56
-7.838403111888186e+56
-8.616879119007896e+56
-9.288892694704393e+56
-9.761812962412893e+56
-9.907816205074905e+56
-9.55353815916302e+56
-8.467144732360322e+56
-6.342267897218306e+56
-2.7781560298742108e+56
2.7447210007104852e+56
1.089449161154997e+57
2.2524136238600267e+57
3.871532043703114e+57
6.0831091513173084e+57
9.057885721498434e+57
1.3008518498578994e+58
1.8198405167379652e+58
2.4952021667099965e+58
3.3666935936402773e+58
4.482764784513708e+58
5.90213748300828e+58
7.695585033642436e+58
9.947911942154736e+58
1.2760119229612508e+59
1.625172387176143e+59
2.0563175693521508e+59
2.5858280875373043e+59
3.2326495018413554e+59
4.0184887133147925e+59
4.967949477662243e+59
6.108568469732646e+59
7.470699641790153e+59
9.0871770454774e+59
1.0992663894962669e+60
1.3222567303402303e+60
1.5811362466129012e+60
1.8790125469070183e+60
2.2183018446167345e+60
2.6002402230125017e+60
3.024216728943208e+60
3.4868770551961426e+60
3.9809340154827335e+60
4.493605822071935e+60
5.0045848935629815e+60
5.483418049927873e+60
5.8861529504038406e+60
6.151074918858392e+60
6.19332228376523e+60
5.898126445030544e+60
5.112374520413411e+60
3.634137170572279e+60
1.1997417771511069e+60
-2.532098447633697e+60
-7.999665193497278e+60
-1.5761773491983803e+61
-2.6526201698553604e+61
-4.1183833673262266e+61
-6.084941688920185e+61
-8.690991281777672e+61
-1.2108146862755262e+62
-1.6547605888340996e+62
-2.226788147435903e+62
-2.9583695228863897e+62
-3.8876099954573456e+62
-5.060386622081382e+62
-6.531611074230072e+62
-8.366606143854026e+62
-1.0642573517460779e+63
-1.3450113832381097e+63
-1.689473733508138e+63
-2.109827289242491e+63
-2.620004246150803e+63
-3.2357614673721353e+63
-3.974688157117298e+63
-4.856111262610533e+63
-5.9008524950106785e+63
-7.130776196486586e+63
-8.568048741057677e+63
-1.0234006860093897e+64
-1.214750317953964e+64
-1.4322561101760647e+64
-1.6765126498405217e+64
-1.9468648795300618e+64
-2.2408156950584742e+64
-2.5532414287004832e+64
-2.875363756694806e+64
-3.1934147211821566e+64
-3.486917398284247e+64
-3.726487930750221e+64
-3.8710448101851196e+64
-3.864288065756488e+64
-3.6302840266622876e+64
-3.067960240721435e+64
-2.044279686328293e+64
-3.858234637890118e+63
2.1315332638041423e+64
5.795215869659945e+64
1.0971231172812776e+65
1.8122604546062331e+65
2.7831497307961077e+65
4.082557966414143e+65
5.800927813878629e+65
8.050054629373557e+65
1.0967381487058281e+66
1.472097505253518e+66
1.951523753128513e+66
2.559739512324912e+66
3.3264778830057328e+66
4.287287555692234e+66
5.484407170340601e+66
6.96769320744324e+66
8.795574664982982e+66
1.1035992731370377e+67
1.3767263452806618e+67
1.7078774577678106e+67
2.1071392562552937e+67
2.5857409954727316e+67
3.1559804343699945e+67
3.831050453229403e+67
4.624726356072242e+67
5.55086169573552e+67
6.622625237992349e+67
7.8513926855365e+67
9.245183208921212e+67
1.080650173581043e+68
1.252941223210205e+68
1.43956235972357e+68
1.6369316835862685e+68
1.8390378211052393e+68
2.036562628821963e+68
2.2157529116566893e+68
2.3569799077357296e+68
2.4329124851272642e+68
2.4062150175228336e+68
2.226663530154082e+68
1.8275537311859997e+68
1.1212518130597267e+68
-6.286650051635409e+65
-1.7022327142585852e+68
-4.15506885634562e+68
-7.604509296041592e+68
-1.2353456625036893e+69
-1.8782329279444166e+69
-2.736612580932743e+69
-3.869461796962408e+69
-5.349608117565139e+69
-7.26649720594959e+69
-9.729394093180517e+69
-1.2871051150250899e+70
-1.6851865754708772e+70
-2.1864533845056755e+70
-2.813917996020876e+70
-3.5948906977832765e+70
-4.561565581340511e+70
-5.751619203466079e+70
-7.208793666177337e+70
-8.98342248301883e+70
-1.1132839912377085e+71
-1.3721591265623332e+71
-1.6821331613889161e+71
-2.0510261578904237e+71
-2.487189937923741e+71
-2.999292544644943e+71
-3.5959756637232177e+71
-4.28534076525738e+71
-5.07420733403835e+71
-5.967071191512111e+71
-6.964671969126267e+71
-8.062055561440004e+71
-9.245989051219334e+71
-1.0491551223906074e+72
-1.1757680320231326e+72
-1.2981410936941914e+72
-1.407047268596325e+72
-1.4893852974104816e+72
-1.5269843615260793e+72
-1.4950994466994784e+72
-1.3605285488371078e+72
-1.0792700316696653e+72
-5.936238763788615e+71
1.7137577998200222e+71
1.3123274852426397e+72
2.952778968614679e+72
5.249664364975415e+72
8.401054615537351e+72
1.265543450598411e+73
1.8322739050473216e+73
2.5787397406210548e+73
3.552364140907042e+73
4.811333432464917e+73
6.426655834965304e+73
8.484515991201747e+73
1.1088938087816098e+74
1.4364758962502755e+74
1.8460895338875014e+74
2.3553864290049774e+74
2.9851480729728865e+74
3.759660703378831e+74
4.707076387120805e+74
5.859732305470513e+74
7.254388660182407e+74
8.932330368165402e+74
1.0939257943952897e+75
1.3324867551027396e+75
1.6141987757418075e+75
1.9445099392429346e+75
2.3288013067736797e+75
2.7720414004757753e+75
3.2782902959704493e+75
3.850006190609145e+75
4.487094979599464e+75
5.185628261471473e+75
5.936136781534525e+75
6.721364007998915e+75
7.513337645129307e+75
8.269584670484735e+75
8.928277118152716e+75
9.40205043800837e+75
9.570182927032846e+75
9.268762535325783e+75
8.27839542971844e+75
6.3089283110607835e+75
2.980563119484245e+75
-2.1993617024699107e+75
-9.864764334240565e+75
-2.0825352503238925e+76
-3.6108392954329416e+76
-5.700894824157679e+76
-8.514994196720085e+76
-1.225535308351408e+77
-1.717253526253247e+77
-2.3575326480803133e+77
-3.184221636072617e+77
-4.243463437651117e+77
-5.591205797835262e+77
-7.294906206006138e+77
-9.435430142197856e+77
-1.2109130170937874e+78
-1.543007667514896e+78
-1.9532387507353147e+78
-2.4572571512602336e+78
-3.073175717665414e+78
-3.82176193658709e+78
-4.726574027094026e+78
-5.814004033109067e+78
-7.113178506699384e+78
-8.655650702383175e+78
-1.047479694765969e+79
-1.2604802937498425e+79
-1.5079091823257798e+79
-1.7928003580831778e+79
-2.1175482411710377e+79
-2.4834463689605928e+79
-2.8900571682715913e+79
-3.334364102035162e+79
-3.809645525540022e+79
-4.3039951057560236e+79
-4.798396223445922e+79
-5.264236912679259e+79
-5.660127073846074e+79
-5.9278503678925666e+79
-5.987248785393343e+79
-5.7297978124744794e+79
-5.0105838540452876e+79
-3.638342680791088e+79
-1.3631578584449887e+79
2.1386486268907276e+79
7.282974647611569e+79
1.4600365167460207e+80
2.476311133185001e+80
3.8617808245856713e+80
5.722423894832707e+80
8.19015232074521e+80
1.1428252237588175e+81
1.5637751327123774e+81
2.106481180554585e+81
2.8009238081279663e+81
3.68341685103809e+81
4.797698710715068e+81
6.19614384898182e+81
7.94108512147411e+81
1.0106226261698489e+82
1.2778108171648327e+82
1.605757122779163e+82
2.0061126893945808e+82
2.4922113451811314e+82
3.079146002045738e+82
3.7837817037608074e+82
4.6246726093232116e+82
5.621839265185389e+82
6.796348596548605e+82
8.169621435610789e+82
9.762370262871668e+82
1.159304216396956e+83
1.3675607611499829e+83
1.6016493171458313e+83
1.861040397531107e+83
2.1434717900790566e+83
2.444205569793823e+83
2.755053731840668e+83
3.063112169320349e+83
3.349129210455251e+83
3.585418879950156e+83
3.733210108548375e+83
3.739300922375232e+83
3.531860845054131e+83
3.015195016140011e+83
2.0632496080621267e+83
5.115998600907435e+82
-1.8523805334415975e+83
-5.301516555589204e+83
-1.0183393373497839e+84
-1.6937932223949157e+84
-2.6118483083340924e+84
-3.8416986271850015e+84
-5.469379800859246e+84
-7.601280497235098e+84
-1.0368246191717145e+85
-1.3930336320320582e+85
-1.848228888317536e+85
-2.4259732852989056e+85
-3.1546165785846404e+85
-4.068067848283832e+85
-5.206635611667241e+85
-6.617921043636358e+85
-8.357739354529497e+85
-1.0491030155649777e+86
-1.3092698519622534e+86
-1.6248303049441228e+86
-2.005447391531399e+86
-2.4618900418623694e+86
-3.0059671644771796e+86
-3.650368206071645e+86
-4.40837227286579e+86
-5.293376360108171e+86
-6.318178769031443e+86
-7.493935728477875e+86
-8.828686814356078e+86
-1.0325317072794837e+87
-1.1978789751371504e+87
-1.3772442011863302e+87
-1.5673085545575102e+87
-1.762459306106764e+87
-1.953957839915096e+87
-2.12886906064481e+87
-2.268693856359066e+87
-2.3476340497800267e+87
-2.330404964640414e+87
-2.169494127327145e+87
-1.8017455189882424e+87
-1.144127035856848e+87
-8.851432796378168e+85
1.5047029902004647e+87
3.8144164115037022e+87
7.06825019367857e+87
1.155395773142169e+88
1.763308346694962e+88
2.5757241767359296e+88
3.648738988387385e+88
5.051648890836891e+88
6.869594910052123e+88
9.206623669707732e+88
1.2189196849230656e+89
1.597017251189553e+89
2.0733265711914378e+89
2.66979717646562e+89
3.4124900382714755e+89
4.3321418952613634e+89
5.464743400595634e+89
6.852104570245004e+89
8.542368373069875e+89
1.0590416553851395e+90
1.3058089820697138e+90
1.6014116001985506e+90
1.9533603025358093e+90
2.3696906571531695e+90
2.858762256241818e+90
3.4289379310885584e+90
4.0881009663247035e+90
4.842956561184268e+90
5.698049168831139e+90
6.654409315332182e+90
7.707721380470129e+90
8.845876831637793e+90
1.004574464582406e+91
1.1268951122677863e+91
1.2456413856069897e+91
1.3521318053593237e+91
1.4340156338677216e+91
1.4741374237588646e+91
1.4491071323834078e+91
1.3275101099507887e+91
1.0676789931409627e+91
6.149355834961872e+90
-1.018048762887353e+90
-1.1741919518671841e+91
-2.719504561962521e+91
-4.886785611645745e+91
-7.864231143615258e+91
-1.1888038798290753e+92
-1.7252939141732673e+92
-2.4324648704353718e+92
-3.355449273013398e+92
-4.549644504464269e+92
-6.08268172281765e+92
-8.0366792930344e+92
-1.0510793713377899e+93
-1.362407033228596e+93
-1.7518579943702676e+93
-2.2362803772054696e+93
-2.8355196060743176e+93
-3.572780748571203e+93
-4.474979018884514e+93
-5.573052169083831e+93
-6.902197449115261e+93
-8.501981361422559e+93
-1.041625168903227e+94
-1.269275715743683e+94
-1.5382349288240116e+94
-1.853760192896608e+94
-2.221063468974326e+94
-2.644986480159657e+94
-3.1295335021329576e+94
-3.6772169944223715e+94
-4.288159569788699e+94
-4.95888141184697e+94
-5.6806847129072475e+94
-6.4375254415214705e+94
-7.203237115462666e+94
-7.937940530844525e+94
-8.583436793540797e+94
-9.057337669595178e+94
-9.245636334502244e+94
-8.993362170002875e+94
-8.092894488612565e+94
-6.269431233234898e+94
-3.163019290633389e+94
1.693547083327344e+94
8.901763715570344e+94
1.9230313485515872e+95
3.3654872961796436e+95
5.340600834960367e+95
8.002646687536942e+95
1.1543928435800682e+96
1.620282198510235e+96
2.2273207630903394e+96
3.0115444822656115e+96
4.0169032082457983e+96
5.296706877391483e+96
6.915258989678211e+96
8.949677247579996e+96
1.1491890296030228e+97
1.4650783724392402e+97
1.8554446305010986e+97
2.335243690504374e+97
2.9217951175282612e+97
3.634971194066015e+97
4.49733344043734e+97
5.534182215422728e+97
6.773472678253451e+97
8.245534568454203e+97
9.98251307628071e+97
1.2017422504076702e+98
1.4382672221090478e+98
1.7107884114403734e+98
2.0216770584288646e+98
2.3722780057987357e+98
2.762314058446257e+98
3.1890838517926926e+98
3.6463955370947266e+98
4.1231647940566906e+98
4.601589064254158e+98
5.0547900032816095e+98
5.443792473570368e+98
5.71368040787724e+98
5.788737009837624e+98
5.566338469073264e+98
4.909326135693581e+98
3.636531487153559e+98
1.5110709438737635e+98
-1.7740363945187064e+98
-6.613445389635693e+98
-1.3510849076440314e+99
-2.310480346038157e+99
-3.619976700661775e+99
-5.380318724448657e+99
-7.716953651304224e+99
-1.0785225133795818e+100
-1.47764553574876e+100
-1.9925011037447472e+100
-2.6516440288219116e+100
-3.4896749210448713e+100
-4.548285574771174e+100
-5.877420911900633e+100
-7.536548971928827e+100
-9.59601988646855e+100
-1.213848000586947e+101
-1.5260287084689237e+101
-1.9072845084915365e+101
-2.370374073025228e+101
-2.929751597232305e+101
-3.6015847964417377e+101
-4.4036827243338916e+101
-5.3552921034414207e+101
-6.476707638366042e+101
-7.788625050377838e+101
-9.311144528012295e+101
-1.106230597565948e+102
-1.3056004727608907e+102
-1.5299095944519534e+102
-1.7787446164155043e+102
-2.0500629632213934e+102
-2.339489301815475e+102
-2.6393922568293093e+102
-2.937684001842213e+102
-3.216272475345955e+102
-3.4490806580379617e+102
-3.599529269215308e+102
-3.617358045952532e+102
-3.434636115343465e+102
-2.9607835398332984e+102
-2.0763936493389708e+102
-6.256091150369278e+101
1.5932361241668876e+102
4.839041746642216e+102
9.44181350534048e+102
1.5819414325956953e+103
2.449767583380154e+103
3.613440049602985e+103
5.1547826667333545e+103
7.175015901218065e+103
9.798677728122931e+103
1.3178171670293304e+104
1.749899492068025e+104
2.298568676683473e+104
2.9908516094389404e+104
3.8590893398271204e+104
4.941744340279333e+104
6.284260388208991e+104
7.939951798089825e+104
9.970885294309871e+104
1.2448699723690012e+105
1.5455284763256303e+105
1.90832081747976e+105
2.343574000981114e+105
2.862626904610393e+105
3.4776838677784547e+105
4.201544289176479e+105
5.047161351589022e+105
6.026969242587444e+105
7.151901066592225e+105
8.429998314959701e+105
9.864486415421178e+105
1.1451158515689794e+106
1.3174870105544275e+106
1.5004899013944226e+106
1.6888867220423803e+106
1.8744851099271307e+106
2.045122330211018e+106
2.1833670456100704e+106
2.2648714072369774e+106
2.2562925334002664e+106
2.112686562827054e+106
1.7742601868186923e+106
1.1623437292684867e+106
1.7442637319998416e+105
-1.3219319420158222e+106
-3.4965259109175636e+106
-6.5655119532998936e+106
-1.0802273080993772e+107
-1.6550449255687433e+107
-2.4239470734016445e+107
-3.440295715407923e+107
-4.77003621097642e+107
-6.494224653316905e+107
-8.711954738584952e+107
-1.1543716163358263e+108
-1.5135207695564697e+108
-1.9661613405873574e+108
-2.5332328002880855e+108
-3.2396084113798577e+108
-4.114638728395029e+108
-5.192709911381433e+108
-6.513791987272556e+108
-8.123940231555175e+108
-1.0075696980927567e+109
-1.2428320376262763e+109
-1.5247739483310194e+109
-1.8606100365425792e+109
-2.258072306319197e+109
-2.7252232738627458e+109
-3.2701556658944497e+109
-3.900538886455477e+109
-4.62296122874502e+109
-5.442002902892948e+109
-6.358957791614796e+109
-7.3701007864135405e+109
-8.464371849770496e+109
-9.620316738124982e+109
-1.08020866381995e+110
-1.1954253733805685e+110
-1.2995145742207949e+110
-1.3808338455609707e+110
-1.4231869945367534e+110
-1.4044651963596728e+110
-1.2949451885144452e+110
-1.0551701095497419e+110
-6.333252158839077e+109
3.799430073680832e+108
1.0457428017859213e+110
2.501248504446645e+110
4.546059373587984e+110
7.358987285326826e+110
1.1164546859311452e+111
1.6243003641969608e+111
2.2942261397690164e+111
3.1691827636409015e+111
4.301909675414543e+111
5.756817667047392e+111
7.612145146321788e+111
9.962401112497909e+111
1.292109796329136e+112
1.6623762037108435e+112
2.1231187604652585e+112
2.693286862679668e+112
3.395049916531565e+112
4.254137431571702e+112
5.300144448320918e+112
6.566767121879069e+112
8.091919584092792e+112
9.917665428778945e+112
1.2089874279881887e+113
1.4657484660999389e+113
1.7671217273731112e+113
2.1181535991829805e+113
2.523559521138507e+113
2.987283907669812e+113
3.511882747146477e+113
4.097675194249868e+113
4.741596774005085e+113
5.435670110701902e+113
6.164988833805713e+113
6.90508587584863e+113
7.618528073399624e+113
8.250544054334263e+113
8.723451029540388e+113
8.92959745453049e+113
8.722481729111231e+113
7.905641343648284e+113
6.218831447393217e+113
3.320926197723628e+113
-1.2311197293491984e+113
-8.008018096605387e+113
-1.7739486123235e+114
-3.135218293279191e+114
-5.001537378264003e+114
-7.519557499086826e+114
-1.087215443099973e+115
-1.5286107070797553e+115
-2.104110675238978e+115
-2.848024610883583e+115
-3.8022126259539004e+115
-5.017469736872508e+115
-6.555090524916371e+115
-8.488614872335426e+115
-1.0905744992994565e+116
-1.391040911793344e+116
-1.7624926269251784e+116
-2.219219771135072e+116
-2.7777811584242205e+116
-3.4571894998634856e+116
-4.279047890423552e+116
-5.2676050881376294e+116
-6.449685418498894e+116
-7.854434120906288e+116
-9.512799792035297e+116
-1.145665129192487e+117
-1.3717395882957693e+117
-1.632392706068849e+117
-1.9299682835606515e+117
-2.2658536163173014e+117
-2.6399166485323615e+117
-3.04974722560032e+117
-3.48964757857597e+117
-3.9493040233282375e+117
-4.412056012627373e+117
-4.852659700041209e+117
-5.234420578578442e+117
-5.505543029320386e+117
-5.594513220226275e+117
-5.404295197600968e+117
-4.805077708572945e+117
-3.6252608550249636e+117
-1.6403168201539554e+117
1.4409024326653653e+117
5.992905129237179e+117
1.2493914916499775e+118
2.1550485825154566e+118
3.392709975118511e+118
5.058154520731879e+118
7.270694411613994e+118
1.0178134555385508e+119
1.396258305810778e+119
1.8847205558413833e+119
2.5104008271336714e+119
3.306271782743531e+119
4.3120796817764056e+119
5.57545878115486e+119
7.15315096133566e+119
9.11231301358451e+119
1.1531880090810754e+120
1.4503934682867403e+120
1.813500461340509e+120
2.2547179075758545e+120
2.7878886281132274e+120
3.428511698519076e+120
4.1936801431862084e+120
5.101894876342929e+120
6.172703242185384e+120
7.426094614248206e+120
8.881565517632574e+120
1.0556741725195814e+121
1.2465413668898824e+121
1.4614803026514423e+121
1.7001831002605384e+121
1.9608100893960083e+121
2.2393237028620223e+121
2.5286136836598306e+121
2.817359011221829e+121
3.0885596652051736e+121
3.317656733920001e+121
3.470142113746624e+121
3.4985387992652527e+121
3.3386091979181666e+121
2.904621708487268e+121
2.0834747241208647e+121
7.274420986746045e+120
-1.3547350560495366e+121
-4.408728369277245e+121
-8.747838390774734e+121
-1.4768959821873058e+122
-2.297175770138048e+122
-3.3981563462805375e+122
0
0
0
0
0
0
0
0
0
0
0
0
0
0
0
0
0
