0
0
0
0
0
0
0
0
0
0
0
0
0
0
0
0
0
0
652.2574623899998
202.28458398001686
155.5968060600056
-1253.1362201799798
1725.552432490018
-947.0935846199941
-165.09197920999276
118.90017013000848
1532.6832495000233
-3771.409875979984
5259.144522730011
-5550.1356494299935
4992.26009286001
-3810.861419919992
1874.924322820021
583.821503479999
-2613.1801513899723
3385.9707505700067
-3207.6926623599775
3169.2403971400095
-3701.66347662
3892.160885950009
-2580.4247891099876
0.5819916800105638
2046.1719559200035
-1843.5483137699835
-489.2647117599986
3009.9038951200173
-3747.041045499998
2502.979486800013
-917.05433589999
761.2702686100079
-2151.9267823999953
3427.6946600900123
-2808.3223226299956
211.2365541000121
2534.7401084100047
-3285.576060899996
1499.798102720006
1267.3606993800188
-2718.7225887499903
1803.6040620800043
410.367202030004
-1743.329394599982
899.0285158500099
1330.0331558400121
-2764.384918199989
1865.6139365500017
747.0125760200127
-2756.3980545100026
2261.600424550003
388.5310531700022
-2823.3828447399806
2813.287427570017
-356.408903849976
-2307.313129679975
2792.5111077900165
-788.3828361899967
-1709.6046933499863
2363.7779912500105
-747.6752582899809
-1296.980200039998
1530.8064821800062
442.33462278001025
-2769.2812665399993
3147.957583740016
-1048.749123089997
-1780.2699994499908
2955.208211630015
-1649.8465364200003
-700.2541404699793
1780.0246864200108
-531.5420537599758
-1939.996448349993
3487.5228548700006
-2952.0063877799926
1144.0797267799976
124.42580418001917
80.53072954001549
-965.4519840799924
1041.8613722099992
103.30189492001469
-1257.9561621699852
0
0
0
0
0
0
0
0
0
0
0
0
0
0
0
0
0
