9.92E+00
2.27E+01
4.95E+01
9.15E+01
1.53E+02
2.37E+02
3.48E+02
4.90E+02
6.63E+02
8.66E+02
1.10E+03
1.35E+03
1.61E+03
1.87E+03
2.11E+03
2.32E+03
2.48E+03
2.56E+03
2.56E+03
2.46E+03
2.25E+03
1.92E+03
1.48E+03
9.45E+02
3.18E+02
-3.74E+02
-1.10E+03
-1.84E+03
-2.55E+03
-3.20E+03
-3.76E+03
-4.20E+03
-4.51E+03
-4.67E+03
-4.69E+03
-4.56E+03
-4.31E+03
-3.95E+03
-3.51E+03
-3.03E+03
-2.54E+03
-2.07E+03
-1.63E+03
-1.27E+03
-9.83E+02
-7.76E+02
-6.48E+02
-5.87E+02
-5.73E+02
-5.87E+02
-6.04E+02
-6.01E+02
-5.59E+02
-4.62E+02
-3.01E+02
-7.57E+01
2.08E+02
5.40E+02
9.01E+02
1.27E+03
1.62E+03
1.94E+03
2.21E+03
2.41E+03
2.54E+03
2.59E+03
2.58E+03
2.51E+03
2.40E+03
2.28E+03
2.15E+03
2.04E+03
1.96E+03
1.92E+03
1.92E+03
1.97E+03
2.04E+03
2.14E+03
2.23E+03
2.31E+03
2.36E+03
2.35E+03
2.28E+03
2.15E+03
1.95E+03
1.70E+03
1.39E+03
1.06E+03
7.12E+02
3.75E+02
6.51E+01
-2.02E+02
-4.13E+02
-5.60E+02
-6.45E+02
-6.69E+02
-6.41E+02
-5.77E+02
-4.89E+02
-3.92E+02
-3.05E+02