9.910000
7.7930000e+03
7.9750000e+03
7.1770000e+03
7.5000000e+03
8.0780000e+03
7.1530000e+03
7.3970000e+03
8.2200000e+03
7.5690000e+03
7.5030000e+03
8.4010000e+03
7.8300000e+03
7.5970000e+03
8.5060000e+03
7.9690000e+03
7.5580000e+03
8.5600000e+03
8.2260000e+03
7.5980000e+03
8.6830000e+03
8.3300000e+03
7.5920000e+03
8.2660000e+03
8.4560000e+03
7.6340000e+03
7.9120000e+03
8.7790000e+03
8.0400000e+03
8.1340000e+03
9.0360000e+03
8.0350000e+03
8.2770000e+03
9.1220000e+03
8.1190000e+03
8.4320000e+03
9.0120000e+03
8.0180000e+03
8.4880000e+03
8.7420000e+03
7.8400000e+03
8.4940000e+03
8.5410000e+03
7.7550000e+03
8.5000000e+03
8.5050000e+03
7.7710000e+03
8.7500000e+03
8.5990000e+03
7.8550000e+03
8.4480000e+03
8.4600000e+03
7.7160000e+03
8.5520000e+03
8.4350000e+03
7.6670000e+03
8.7380000e+03
8.3990000e+03
7.6990000e+03
8.7810000e+03
8.2740000e+03
7.5900000e+03
8.6420000e+03
8.0740000e+03
7.5200000e+03
8.5390000e+03
7.8830000e+03
7.5490000e+03
8.5170000e+03
7.8560000e+03
7.6100000e+03
8.5400000e+03
7.7610000e+03
7.6350000e+03
8.5340000e+03
7.6060000e+03
7.6500000e+03
8.4800000e+03
7.4400000e+03
7.6990000e+03
8.5050000e+03
7.6220000e+03
7.5460000e+03
8.4530000e+03
7.4530000e+03
7.6870000e+03
8.7910000e+03
8.0640000e+03
8.0840000e+03
9.2640000e+03
8.6750000e+03
8.5100000e+03
9.5500000e+03
8.9790000e+03
8.5420000e+03
9.5820000e+03
9.0570000e+03
8.3310000e+03
9.1880000e+03
8.9220000e+03
8.1340000e+03
8.6780000e+03
8.6350000e+03
7.8710000e+03
8.3990000e+03
7.8620000e+03
8.8650000e+03
8.4960000e+03
7.6270000e+03
8.4780000e+03
8.4120000e+03
7.6180000e+03
7.9070000e+03
8.5530000e+03
7.6310000e+03
8.0530000e+03
8.4250000e+03
7.5370000e+03
8.1490000e+03
8.2630000e+03
7.4630000e+03
8.1680000e+03
8.1290000e+03
7.4220000e+03
8.2720000e+03
8.1010000e+03
7.3200000e+03
7.9980000e+03
8.0600000e+03
7.3300000e+03
8.1220000e+03
8.0750000e+03
7.3390000e+03
8.3660000e+03
8.1340000e+03
7.4350000e+03
8.5760000e+03
8.1710000e+03
7.4910000e+03
8.5760000e+03
8.0440000e+03
7.4830000e+03
8.5410000e+03
7.9530000e+03
7.5940000e+03
8.6380000e+03
8.0480000e+03
7.9450000e+03
8.9990000e+03
8.4510000e+03
8.3990000e+03
9.4000000e+03
8.5640000e+03
8.5640000e+03
9.4810000e+03
8.3820000e+03
8.6680000e+03
9.5250000e+03
8.6260000e+03
8.4180000e+03
9.2550000e+03
8.1370000e+03
8.1770000e+03
8.9480000e+03
7.8670000e+03
8.0440000e+03
8.8190000e+03
7.8870000e+03
8.2010000e+03
8.7440000e+03
7.5260000e+03
7.7070000e+03
8.6620000e+03
7.7140000e+03
7.6270000e+03
8.6600000e+03
7.9810000e+03
7.7870000e+03
8.8180000e+03
8.1780000e+03
7.7660000e+03
8.8870000e+03
8.3810000e+03
7.7330000e+03
8.7020000e+03
8.4150000e+03
8.3800000e+03
7.5200000e+03
8.0900000e+03
8.2500000e+03
7.3090000e+03
7.5020000e+03
8.4230000e+03
7.4380000e+03
7.7860000e+03
8.5220000e+03
7.6290000e+03
8.1530000e+03
8.6030000e+03
7.6490000e+03
8.2910000e+03
8.4390000e+03
7.6730000e+03
8.4330000e+03
8.5410000e+03
7.8360000e+03
8.8150000e+03
8.8540000e+03
8.1410000e+03
8.9950000e+03
9.2290000e+03
8.6340000e+03
9.4930000e+03
9.4720000e+03
8.6830000e+03
9.6890000e+03
9.4030000e+03
8.5550000e+03
9.6550000e+03
9.1990000e+03
8.4150000e+03
9.5070000e+03
8.9140000e+03
8.2340000e+03
9.2370000e+03
8.5550000e+03
8.0320000e+03
9.0220000e+03
8.2650000e+03
8.0200000e+03
8.9370000e+03
8.1380000e+03
7.9280000e+03
8.7520000e+03
7.8100000e+03
7.7100000e+03
8.7040000e+03
7.9450000e+03
7.6910000e+03
8.5680000e+03
7.7220000e+03
7.5760000e+03
8.4510000e+03
7.4930000e+03
7.5960000e+03
8.5060000e+03
8.0070000e+03
7.9290000e+03
8.9730000e+03
8.3300000e+03
8.0970000e+03
9.1470000e+03
8.6450000e+03
8.0480000e+03
9.1450000e+03
8.7400000e+03
8.0390000e+03
8.7530000e+03
8.5990000e+03
7.7980000e+03
8.4070000e+03
8.5560000e+03
7.8180000e+03
8.4510000e+03
8.9070000e+03
8.1540000e+03
8.5290000e+03
9.3080000e+03
8.4340000e+03
8.4640000e+03
9.5320000e+03
8.5960000e+03
8.2690000e+03
9.2050000e+03
8.6940000e+03
7.8840000e+03
8.9210000e+03
8.3220000e+03
7.6830000e+03
8.7410000e+03
7.9850000e+03
7.6250000e+03
8.5950000e+03
7.8360000e+03
7.6110000e+03
8.4140000e+03
7.7340000e+03
7.5840000e+03
8.5460000e+03
7.6420000e+03
7.4530000e+03
8.4880000e+03
7.4510000e+03
7.5790000e+03
8.5800000e+03
7.5950000e+03
7.4310000e+03
8.3420000e+03
7.2470000e+03
7.4050000e+03
8.2200000e+03
7.1530000e+03
7.5330000e+03
8.2370000e+03
7.2370000e+03
7.6630000e+03
8.1430000e+03
7.2210000e+03
7.8700000e+03
8.0760000e+03
7.2740000e+03
7.9940000e+03
8.0060000e+03
7.2130000e+03
8.1070000e+03
8.0470000e+03
7.2660000e+03
8.4010000e+03
8.2090000e+03
7.5550000e+03
8.8710000e+03
8.6340000e+03
8.0300000e+03
9.1690000e+03
9.1740000e+03
8.5580000e+03
9.7700000e+03
9.4450000e+03
8.6730000e+03
9.7620000e+03
9.2050000e+03
8.3750000e+03
9.3720000e+03
8.9440000e+03
7.9660000e+03
8.6410000e+03
8.5260000e+03
7.6350000e+03
8.2210000e+03
8.4300000e+03
7.4110000e+03
7.8690000e+03
8.4670000e+03
7.3790000e+03
7.6640000e+03
8.6390000e+03
7.7520000e+03
7.6210000e+03
8.6640000e+03
7.9640000e+03
8.4280000e+03
7.3800000e+03
7.6050000e+03
8.5370000e+03
8.2210000e+03
7.5650000e+03
8.4810000e+03
8.1220000e+03
7.1970000e+03
7.9780000e+03
7.9740000e+03
7.2130000e+03
8.2600000e+03
8.0430000e+03
7.3260000e+03
8.4720000e+03
8.1130000e+03
7.3900000e+03
8.1780000e+03
8.0560000e+03
7.2680000e+03
8.4000000e+03
8.0570000e+03
7.3750000e+03
8.5220000e+03
8.1230000e+03
7.5370000e+03
8.7010000e+03
8.2990000e+03
7.9270000e+03
9.2010000e+03
8.6430000e+03
8.4920000e+03
9.6110000e+03
8.9410000e+03
8.6910000e+03
9.5490000e+03
8.6470000e+03
8.4590000e+03
9.2720000e+03
8.2080000e+03
8.1730000e+03
8.9880000e+03
7.7830000e+03
7.9220000e+03
8.6670000e+03
7.5580000e+03
7.6580000e+03
8.5400000e+03
7.4050000e+03
7.5520000e+03
8.4030000e+03
7.3690000e+03
7.6700000e+03
8.3240000e+03
7.3820000e+03
7.8520000e+03
8.2570000e+03
7.3320000e+03
7.9850000e+03
8.1020000e+03
7.3320000e+03
8.0640000e+03
8.0840000e+03
7.2470000e+03
7.8370000e+03
8.0830000e+03
7.2440000e+03
7.4820000e+03
8.1060000e+03
7.1990000e+03
7.3670000e+03
8.2060000e+03
7.6040000e+03
7.4230000e+03
8.3290000e+03
7.7240000e+03
7.4810000e+03
8.4180000e+03
7.9600000e+03
7.4260000e+03
8.4870000e+03
8.1020000e+03
7.3970000e+03
8.2500000e+03
8.1180000e+03
7.2340000e+03
8.0040000e+03
8.0980000e+03
7.4890000e+03
8.5220000e+03
8.6210000e+03
7.9770000e+03
8.8020000e+03
8.9340000e+03
8.2360000e+03
9.0600000e+03
9.0830000e+03
8.2740000e+03
9.2630000e+03
9.0230000e+03
8.1640000e+03
9.2730000e+03
8.7880000e+03
7.9550000e+03
9.0080000e+03
8.4560000e+03
7.7560000e+03
8.8290000e+03
8.1910000e+03
7.7210000e+03
8.7350000e+03
8.0130000e+03
7.7720000e+03
8.7370000e+03
8.0560000e+03
7.8710000e+03
8.8190000e+03
7.8920000e+03
7.7330000e+03
8.6170000e+03
7.5550000e+03
7.6690000e+03
8.6340000e+03
7.8150000e+03
7.6160000e+03
8.4730000e+03
7.4550000e+03
7.4210000e+03
8.2800000e+03
7.1730000e+03
7.3680000e+03
8.1760000e+03
7.1610000e+03
7.5070000e+03
8.0840000e+03
7.0860000e+03
7.6550000e+03
7.9730000e+03
7.1190000e+03
7.8460000e+03
8.1120000e+03
7.1450000e+03
7.6540000e+03
8.3190000e+03
7.2290000e+03
7.4950000e+03
8.5060000e+03
7.6410000e+03
7.7170000e+03
8.9270000e+03
8.3810000e+03
8.2810000e+03
9.4490000e+03
8.8700000e+03
8.5620000e+03
9.7100000e+03
9.1810000e+03
8.5290000e+03
9.4830000e+03
9.1470000e+03
8.2000000e+03
8.9600000e+03
8.8180000e+03
7.8960000e+03
8.4830000e+03
8.6030000e+03
7.5020000e+03
7.6300000e+03
8.4710000e+03
7.8700000e+03
7.6490000e+03
8.5270000e+03
7.5850000e+03
7.6160000e+03
8.4920000e+03
7.3900000e+03
7.7530000e+03
8.6690000e+03
7.7450000e+03
7.5960000e+03
8.4770000e+03
7.4450000e+03
7.5020000e+03
8.3730000e+03
7.2490000e+03
7.4760000e+03
8.2670000e+03
7.4300000e+03
7.4260000e+03
8.3060000e+03
7.1670000e+03
7.3690000e+03
8.1660000e+03
7.1310000e+03
7.4370000e+03
8.0590000e+03
7.0770000e+03
7.6270000e+03
7.9920000e+03
7.1720000e+03
7.9300000e+03
8.0300000e+03
7.2790000e+03
7.9860000e+03
8.0080000e+03
7.2570000e+03
8.2380000e+03
8.1000000e+03
7.3550000e+03
8.4670000e+03
8.2140000e+03
7.5480000e+03
8.8040000e+03
8.5220000e+03
8.0460000e+03
9.1300000e+03
9.0300000e+03
8.3910000e+03
8.7650000e+03
9.2210000e+03
8.3010000e+03
8.9060000e+03
9.0070000e+03
8.1650000e+03
8.8190000e+03
8.7600000e+03
7.8690000e+03
8.4210000e+03
8.6460000e+03
7.7210000e+03
8.0000000e+03
8.6160000e+03
7.6640000e+03
7.7280000e+03
8.5480000e+03
7.8810000e+03
7.7210000e+03
8.5910000e+03
7.9950000e+03
7.7420000e+03
8.7490000e+03
8.1760000e+03
7.6270000e+03
8.7730000e+03
8.3570000e+03
7.4840000e+03
8.4270000e+03
8.1430000e+03
7.2830000e+03
7.5670000e+03
8.0830000e+03
7.0870000e+03
7.3030000e+03
8.2950000e+03
7.4270000e+03
7.4020000e+03
8.3820000e+03
7.6410000e+03
7.4430000e+03
8.3220000e+03
7.5420000e+03
7.4290000e+03
8.3160000e+03
7.3400000e+03
7.3970000e+03
8.2550000e+03
7.1620000e+03
7.3830000e+03
8.2220000e+03
7.1540000e+03
7.4480000e+03
8.0780000e+03
7.1250000e+03
7.7030000e+03
8.0270000e+03
7.1290000e+03
7.4750000e+03
8.2180000e+03
7.2950000e+03
7.8620000e+03
8.4760000e+03
7.6960000e+03
8.5010000e+03
8.8280000e+03
8.1140000e+03
8.9360000e+03
9.0350000e+03
8.3530000e+03
9.2510000e+03
9.1460000e+03
8.3850000e+03
9.4330000e+03
9.0900000e+03
8.2760000e+03
9.3820000e+03
8.7670000e+03
7.9000000e+03
8.8420000e+03
8.5660000e+03
7.7600000e+03
8.8920000e+03
8.4830000e+03
7.7850000e+03
8.9180000e+03
8.4330000e+03
7.7570000e+03
8.8190000e+03
8.1320000e+03
7.6290000e+03
8.6260000e+03
8.2300000e+03
7.4990000e+03
8.5930000e+03
8.2290000e+03
7.4440000e+03
8.5450000e+03
8.0060000e+03
7.2170000e+03
8.2120000e+03
8.0090000e+03
7.1780000e+03
7.9190000e+03
8.0800000e+03
7.1360000e+03
7.3420000e+03
8.1860000e+03
7.1450000e+03
7.4100000e+03
8.2900000e+03
7.7130000e+03
7.4660000e+03
8.4820000e+03
8.0690000e+03
7.3070000e+03
8.4150000e+03
7.9390000e+03
7.2540000e+03
8.3640000e+03
7.8300000e+03
7.2490000e+03
8.4320000e+03
7.9970000e+03
7.2680000e+03
8.4260000e+03
7.9200000e+03
7.3330000e+03
8.4910000e+03
7.9250000e+03
7.6510000e+03
8.8190000e+03
8.3020000e+03
8.2600000e+03
9.3250000e+03
8.6970000e+03
8.5790000e+03
9.5230000e+03
8.5750000e+03
8.5470000e+03
9.3990000e+03
8.2660000e+03
8.3810000e+03
9.0820000e+03
8.3630000e+03
8.2360000e+03
9.0810000e+03
7.9870000e+03
8.0480000e+03
8.8420000e+03
7.7050000e+03
7.8750000e+03
8.6310000e+03
8.4090000e+03
7.6230000e+03
8.6330000e+03
8.3580000e+03
7.6120000e+03
8.7430000e+03
8.3060000e+03
7.5250000e+03
8.6460000e+03
8.1290000e+03
7.4460000e+03
8.4720000e+03
8.1500000e+03
7.3820000e+03
8.5010000e+03
8.0790000e+03
7.3500000e+03
8.2670000e+03
8.0480000e+03
7.2810000e+03
7.9490000e+03
7.9600000e+03
7.2230000e+03
7.8490000e+03
8.0200000e+03
7.1680000e+03
7.5480000e+03
8.0900000e+03
7.1110000e+03
7.3260000e+03
8.1460000e+03
7.4480000e+03
7.3930000e+03
8.2640000e+03
7.6810000e+03
7.4410000e+03
8.3800000e+03
7.8090000e+03
8.5140000e+03
8.0760000e+03
7.3270000e+03
8.4160000e+03
8.1540000e+03
7.4270000e+03
8.0660000e+03
8.6200000e+03
7.8770000e+03
8.7310000e+03
8.9970000e+03
8.3260000e+03
9.1380000e+03
9.2190000e+03
8.4790000e+03
9.3540000e+03
9.1660000e+03
8.2450000e+03
8.8960000e+03
8.8830000e+03
8.0540000e+03
8.8200000e+03
8.7120000e+03
7.8840000e+03
8.8480000e+03
8.5710000e+03
7.7630000e+03
8.9150000e+03
8.4800000e+03
7.7480000e+03
8.8480000e+03
8.3280000e+03
7.6890000e+03
8.8460000e+03
8.2050000e+03
7.7690000e+03
8.7920000e+03
8.0400000e+03
7.7480000e+03
8.6450000e+03
7.8480000e+03
7.5540000e+03
8.6110000e+03
7.8730000e+03
7.5280000e+03
8.4030000e+03
7.6820000e+03
7.4250000e+03
8.3170000e+03
7.4860000e+03
7.3660000e+03
8.2320000e+03
7.2360000e+03
7.2860000e+03
8.1630000e+03
7.0980000e+03
7.3480000e+03
8.1860000e+03
7.2200000e+03
7.6470000e+03
8.2280000e+03
7.2590000e+03
7.4110000e+03
8.2330000e+03
7.5270000e+03
7.4800000e+03
8.3580000e+03
7.7920000e+03
7.5760000e+03
8.5150000e+03
7.9830000e+03
7.5370000e+03
8.6440000e+03
8.2820000e+03
7.6890000e+03
8.8050000e+03
8.7320000e+03
8.1220000e+03
8.9900000e+03
9.1270000e+03
8.4970000e+03
9.1440000e+03
9.3140000e+03
8.4180000e+03
8.7160000e+03
9.3550000e+03
8.2270000e+03
8.4820000e+03
9.3860000e+03
8.9850000e+03
8.2210000e+03
9.3160000e+03
8.7430000e+03
8.0670000e+03
9.1300000e+03
8.4290000e+03
7.9380000e+03
8.9230000e+03
8.1830000e+03
7.8760000e+03
8.8910000e+03
8.2870000e+03
7.7480000e+03
8.8040000e+03
8.1100000e+03
7.7250000e+03
8.7120000e+03
7.9670000e+03
7.7290000e+03
8.6400000e+03
7.7590000e+03
7.6530000e+03
8.4920000e+03
7.4050000e+03
7.5070000e+03
8.3260000e+03
7.2440000e+03
7.4690000e+03
8.2190000e+03
7.1820000e+03
7.5730000e+03
8.1300000e+03
7.1830000e+03
7.8300000e+03
8.1100000e+03
7.2580000e+03
7.5640000e+03
8.1890000e+03
7.2260000e+03
7.8090000e+03
8.2010000e+03
7.2980000e+03
7.9940000e+03
8.1230000e+03
7.3130000e+03
8.0710000e+03
8.0530000e+03
7.2790000e+03
8.2250000e+03
8.1060000e+03
7.4100000e+03
8.6230000e+03
8.4540000e+03
7.8930000e+03
9.2700000e+03
9.0180000e+03
8.4750000e+03
9.6770000e+03
9.5090000e+03
8.7170000e+03
9.5240000e+03
9.5200000e+03
8.6490000e+03
9.2540000e+03
9.5070000e+03
8.3950000e+03
8.7400000e+03
9.3700000e+03
8.2090000e+03
8.3530000e+03
9.2840000e+03
8.3180000e+03
8.2080000e+03
9.1270000e+03
8.3440000e+03
8.6390000e+03
7.7020000e+03
7.9570000e+03
8.8750000e+03
7.8650000e+03
7.9420000e+03
8.8160000e+03
7.7370000e+03
7.9010000e+03
8.8340000e+03
7.8260000e+03
7.7600000e+03
8.5290000e+03
7.3900000e+03
7.5180000e+03
8.2800000e+03
7.2070000e+03
7.4540000e+03
8.3580000e+03
7.3470000e+03
7.4780000e+03
8.3480000e+03
7.3140000e+03
7.5550000e+03
8.3410000e+03
7.3640000e+03
7.7690000e+03
8.3180000e+03
7.3390000e+03
7.9370000e+03
8.2930000e+03
7.2450000e+03
7.5730000e+03
8.2120000e+03
7.2650000e+03
7.8220000e+03
8.1950000e+03
7.3220000e+03
8.0120000e+03
8.1150000e+03
7.3380000e+03
8.0710000e+03
8.1200000e+03
7.4920000e+03
8.5790000e+03
8.6290000e+03
8.0790000e+03
9.4140000e+03
9.2430000e+03
8.6860000e+03
9.8940000e+03
9.5600000e+03
8.8270000e+03
9.7460000e+03
9.3610000e+03
8.5300000e+03
9.6060000e+03
9.0970000e+03
8.3320000e+03
9.2670000e+03
9.0310000e+03
8.3270000e+03
8.9600000e+03
8.9510000e+03
8.0650000e+03
8.5980000e+03
8.8220000e+03
7.9770000e+03
8.3350000e+03
9.0240000e+03
8.1290000e+03
8.2980000e+03
9.1460000e+03
8.4480000e+03
8.3030000e+03
9.1080000e+03
8.4920000e+03
8.0980000e+03
8.9420000e+03
8.3240000e+03
8.2390000e+03
7.4490000e+03
8.4960000e+03
7.9170000e+03
7.1340000e+03
7.9950000e+03
7.8820000e+03
7.1020000e+03
7.9020000e+03
8.0140000e+03
7.3050000e+03
8.2060000e+03
8.2790000e+03
7.6210000e+03
8.7080000e+03
8.4410000e+03
7.6560000e+03
8.7330000e+03
8.2950000e+03
7.4680000e+03
8.5810000e+03
8.1410000e+03
7.5760000e+03
8.9440000e+03
9.5090000e+03
1.0275000e+04
1.3212000e+04
1.4516000e+04
1.5086000e+04
1.6585000e+04
1.5594000e+04
1.3857000e+04
1.3192000e+04
1.0546000e+04
8.2250000e+03
7.2860000e+03
4.8550000e+03
3.3430000e+03
3.3110000e+03
2.0960000e+03
2.2100000e+03
3.6360000e+03
3.4930000e+03
4.6680000e+03
6.9070000e+03
7.4430000e+03
9.1510000e+03
1.1139000e+04
1.1078000e+04
1.2000000e+04
1.3358000e+04
1.2698000e+04
1.2971000e+04
1.3621000e+04
1.2087000e+04
1.1558000e+04
1.1119000e+04
8.9820000e+03
8.2420000e+03
7.3330000e+03
5.2660000e+03
4.9530000e+03
4.3920000e+03
2.8660000e+03
3.1420000e+03
3.7510000e+03
2.9060000e+03
3.7350000e+03
4.6870000e+03
6.2670000e+03
6.4570000e+03
6.7260000e+03
8.3350000e+03
8.3900000e+03
8.0340000e+03
9.3270000e+03
9.0440000e+03
8.3130000e+03
9.4240000e+03
8.8190000e+03
7.9750000e+03
8.8870000e+03
7.8330000e+03
9.0220000e+03
8.7340000e+03
8.0280000e+03
9.2010000e+03
9.2270000e+03
8.6620000e+03
9.3420000e+03
1.0481000e+04
9.7070000e+03
1.0168000e+04
1.1282000e+04
1.0461000e+04
1.0934000e+04
1.1762000e+04
1.0821000e+04
1.1235000e+04
1.1525000e+04
1.0473000e+04
1.0934000e+04
1.0823000e+04
9.7320000e+03
1.0103000e+04
9.7530000e+03
8.3900000e+03
8.6050000e+03
8.4010000e+03
7.2020000e+03
7.6390000e+03
7.3610000e+03
6.4790000e+03
7.2580000e+03
7.2580000e+03
6.7280000e+03
8.0660000e+03
8.0810000e+03
7.7460000e+03
9.2750000e+03
9.2410000e+03
9.0030000e+03
1.0545000e+04
1.0427000e+04
1.0150000e+04
1.1411000e+04
1.0750000e+04
1.0155000e+04
1.0880000e+04
1.0215000e+04
9.5600000e+03
1.0729000e+04
1.0226000e+04
9.8130000e+03
1.0691000e+04
9.7590000e+03
9.2890000e+03
1.0045000e+04
9.2210000e+03
8.9610000e+03
9.7390000e+03
8.7980000e+03
8.7480000e+03
9.6040000e+03
8.6310000e+03
9.0160000e+03
9.9590000e+03
9.0700000e+03
8.6210000e+03
8.8950000e+03
7.0870000e+03
5.4650000e+03
5.5520000e+03
4.2960000e+03
3.4490000e+03
4.3730000e+03
3.7360000e+03
2.6210000e+03
3.1450000e+03
2.3180000e+03
8.7000000e+02
1.3190000e+03
1.2800000e+03
7.4600000e+02
1.9710000e+03
2.9130000e+03
3.0760000e+03
4.4080000e+03
6.1360000e+03
6.4060000e+03
6.7760000e+03
8.2170000e+03
8.0390000e+03
7.3060000e+03
8.3530000e+03
7.6170000e+03
6.5000000e+03
7.0800000e+03
6.1100000e+03
4.7450000e+03
5.3840000e+03
4.7690000e+03
4.2210000e+03
5.7780000e+03
5.8110000e+03
6.0060000e+03
7.9230000e+03
8.0040000e+03
8.4150000e+03
9.9420000e+03
9.5780000e+03
9.5370000e+03
1.0592000e+04
9.8660000e+03
9.4440000e+03
1.0313000e+04
9.4370000e+03
8.9830000e+03
9.7930000e+03
8.9260000e+03
8.8660000e+03
9.8640000e+03
9.0040000e+03
9.3090000e+03
1.0405000e+04
9.3520000e+03
9.6510000e+03
1.0527000e+04
9.6960000e+03
9.5900000e+03
1.0374000e+04
9.2100000e+03
9.4380000e+03
1.0199000e+04
8.9410000e+03
9.0810000e+03
9.5710000e+03
8.2020000e+03
8.5060000e+03
8.5790000e+03
7.3960000e+03
7.9290000e+03
7.9050000e+03
6.9980000e+03
7.7730000e+03
7.7470000e+03
7.0680000e+03
8.1050000e+03
8.0080000e+03
7.3160000e+03
8.1230000e+03
8.2340000e+03
7.6270000e+03
8.3820000e+03
8.8520000e+03
8.0780000e+03
8.6120000e+03
9.5190000e+03
8.7410000e+03
8.9730000e+03
9.9090000e+03
9.2840000e+03
9.0470000e+03
9.8640000e+03
9.2050000e+03
8.9000000e+03
9.8040000e+03
8.6260000e+03
9.5290000e+03
8.8440000e+03
7.6900000e+03
8.2390000e+03
8.2190000e+03
7.2700000e+03
7.5940000e+03
8.1560000e+03
7.2350000e+03
7.9660000e+03
8.2890000e+03
7.4970000e+03
8.3960000e+03
8.5870000e+03
8.1280000e+03
9.3850000e+03
9.6680000e+03
9.3430000e+03
1.0781000e+04
1.0812000e+04
1.0427000e+04
1.1879000e+04
1.1547000e+04
1.0946000e+04
1.2090000e+04
1.1505000e+04
1.0591000e+04
1.1383000e+04
1.0560000e+04
9.4820000e+03
1.0379000e+04
9.6540000e+03
8.7150000e+03
9.6570000e+03
8.8990000e+03
8.4090000e+03
9.5700000e+03
8.7930000e+03
8.5980000e+03
9.6630000e+03
8.8810000e+03
8.6610000e+03
9.4380000e+03
8.2800000e+03
7.9940000e+03
8.4670000e+03
6.9910000e+03
6.8880000e+03
7.5380000e+03
6.3820000e+03
6.7670000e+03
7.5340000e+03
6.6350000e+03
7.0460000e+03
7.9730000e+03
6.9160000e+03
7.2110000e+03
7.9760000e+03
7.1640000e+03
7.1490000e+03
7.8890000e+03
7.2420000e+03
6.9810000e+03
7.8490000e+03
7.2630000e+03
6.8920000e+03
7.9110000e+03
7.4510000e+03
6.8870000e+03
8.0530000e+03
7.7190000e+03
7.0860000e+03
8.3110000e+03
7.8900000e+03
7.1610000e+03
8.2690000e+03
7.9020000e+03
7.1590000e+03
8.1180000e+03
8.3060000e+03
8.5290000e+03
7.9550000e+03
8.5140000e+03
9.5750000e+03
8.9660000e+03
8.6540000e+03
9.7500000e+03
9.2730000e+03
8.5990000e+03
9.8030000e+03
9.6280000e+03
9.1360000e+03
1.0153000e+04
1.0248000e+04
9.6590000e+03
1.0808000e+04
1.0570000e+04
9.8680000e+03
1.0934000e+04
1.0369000e+04
9.5570000e+03
1.0602000e+04
9.9410000e+03
9.3080000e+03
1.0347000e+04
9.7120000e+03
9.2820000e+03
1.0267000e+04
9.6310000e+03
9.5040000e+03
1.0606000e+04
1.0054000e+04
1.0309000e+04
1.1540000e+04
1.0862000e+04
1.1056000e+04
1.1919000e+04
1.0694000e+04
1.0752000e+04
1.1167000e+04
9.5240000e+03
9.1540000e+03
8.9310000e+03
7.1110000e+03
6.8840000e+03
7.4990000e+03
6.6730000e+03
7.3800000e+03
8.5100000e+03
8.0900000e+03
8.8010000e+03
1.0100000e+04
9.7900000e+03
8.9420000e+03
9.7600000e+03
9.0180000e+03
8.0930000e+03
8.9750000e+03
8.2060000e+03
7.5250000e+03
8.3570000e+03
7.6520000e+03
6.5830000e+03
6.9810000e+03
6.3080000e+03
5.1940000e+03
5.3350000e+03
4.9490000e+03
3.9180000e+03
4.1880000e+03
4.1390000e+03
3.1550000e+03
3.5940000e+03
4.3760000e+03
3.7370000e+03
4.4200000e+03
5.5520000e+03
4.6820000e+03
5.0290000e+03
5.7380000e+03
4.5440000e+03
4.6240000e+03
5.4390000e+03
4.7640000e+03
4.3020000e+03
5.4330000e+03
4.8870000e+03
4.1900000e+03
4.9440000e+03
5.4790000e+03
4.5590000e+03
4.9000000e+03
5.8690000e+03
4.8290000e+03
5.1680000e+03
6.0150000e+03
5.0680000e+03
5.6570000e+03
6.4760000e+03
5.6630000e+03
6.4510000e+03
6.9360000e+03
6.3120000e+03
6.8570000e+03
7.6890000e+03
6.8740000e+03
7.5140000e+03
7.8310000e+03
6.8120000e+03
7.3840000e+03
7.3200000e+03
6.3440000e+03
7.0120000e+03
6.8910000e+03
5.9270000e+03
6.8060000e+03
6.4950000e+03
5.6640000e+03
6.9690000e+03
6.8770000e+03
6.3780000e+03
7.8150000e+03
7.6810000e+03
7.1080000e+03
8.3280000e+03
7.7280000e+03
7.1000000e+03
8.1630000e+03
7.6490000e+03
6.8730000e+03
7.9970000e+03
7.5420000e+03
7.0420000e+03
8.3250000e+03
7.7790000e+03
7.5290000e+03
8.6800000e+03
7.9450000e+03
7.6470000e+03
8.4520000e+03
7.3830000e+03
7.1940000e+03
8.1130000e+03
7.0800000e+03
7.2630000e+03
8.4590000e+03
7.6770000e+03
7.6330000e+03
8.9230000e+03
8.4440000e+03
8.3620000e+03
9.7920000e+03
9.4590000e+03
9.0710000e+03
1.0409000e+04
1.0068000e+04
9.3450000e+03
1.0416000e+04
1.0135000e+04
9.1880000e+03
9.8220000e+03
9.6210000e+03
8.4790000e+03
9.5770000e+03
1.1587000e+04
1.3177000e+04
1.0915000e+04
8.1680000e+03
6.8970000e+03
5.3960000e+03
3.7770000e+03
3.9100000e+03
4.5100000e+03
3.5400000e+03
4.2360000e+03
4.8660000e+03
3.9520000e+03
4.3630000e+03
5.0340000e+03
4.0210000e+03
4.6770000e+03
5.2950000e+03
4.6630000e+03
5.7370000e+03
6.3390000e+03
5.9910000e+03
7.3200000e+03
7.8460000e+03
7.6460000e+03
9.1020000e+03
9.4030000e+03
9.2290000e+03
1.0914000e+04
1.1081000e+04
1.0787000e+04
1.2298000e+04
1.1975000e+04
1.1348000e+04
1.2419000e+04
1.1658000e+04
1.0886000e+04
1.1749000e+04
1.0971000e+04
1.0022000e+04
1.0993000e+04
1.0175000e+04
9.4190000e+03
1.0294000e+04
9.3770000e+03
8.8710000e+03
9.7660000e+03
8.8890000e+03
8.5220000e+03
9.1290000e+03
7.9210000e+03
7.6020000e+03
8.2130000e+03
7.0430000e+03
7.1150000e+03
8.0440000e+03
7.2560000e+03
8.0300000e+03
9.3840000e+03
8.9940000e+03
9.8710000e+03
1.0722000e+04
1.0018000e+04
1.0756000e+04
1.1075000e+04
9.8980000e+03
1.0126000e+04
1.0605000e+04
9.0320000e+03
8.8020000e+03
9.3700000e+03
8.1400000e+03
7.9390000e+03
8.8790000e+03
8.0720000e+03
7.6880000e+03
8.8040000e+03
8.1240000e+03
7.8000000e+03
9.1610000e+03
8.8260000e+03
8.1160000e+03
9.1320000e+03
7.2320000e+03
7.3760000e+03
7.4760000e+03
6.3170000e+03
6.3710000e+03
7.1240000e+03
6.1500000e+03
6.3000000e+03
7.2910000e+03
6.2940000e+03
6.6380000e+03
7.4920000e+03
6.6040000e+03
7.1930000e+03
7.9290000e+03
7.2470000e+03
8.1790000e+03
8.5320000e+03
7.7260000e+03
8.4820000e+03
8.4370000e+03
7.5070000e+03
8.1940000e+03
8.0020000e+03
6.8790000e+03
7.4670000e+03
7.3580000e+03
6.5100000e+03
7.2950000e+03
7.2560000e+03
6.5050000e+03
7.5390000e+03
7.2600000e+03
6.4510000e+03
7.5360000e+03
7.0540000e+03
6.4710000e+03
7.9520000e+03
7.7740000e+03
7.5670000e+03
9.1600000e+03
8.8560000e+03
8.8290000e+03
1.0233000e+04
9.8110000e+03
1.0004000e+04
1.1396000e+04
1.0930000e+04
1.0413000e+04
1.1276000e+04
1.0029000e+04
9.1800000e+03
9.4840000e+03
7.9260000e+03
6.9880000e+03
7.2410000e+03
5.8850000e+03
5.7690000e+03
6.5860000e+03
5.8100000e+03
5.6510000e+03
6.7990000e+03
6.5780000e+03
6.4100000e+03
7.7940000e+03
7.6770000e+03
7.4770000e+03
9.0630000e+03
9.1350000e+03
8.6210000e+03
9.3410000e+03
9.1120000e+03
7.9840000e+03
7.9520000e+03
7.6030000e+03
6.2620000e+03
5.8130000e+03
5.9400000e+03
4.6170000e+03
4.9260000e+03
5.4300000e+03
7.2820000e+03
7.6790000e+03
7.4360000e+03
9.0470000e+03
9.2380000e+03
8.6580000e+03
9.4690000e+03
9.5780000e+03
8.2880000e+03
8.6630000e+03
8.6180000e+03
7.3590000e+03
7.7960000e+03
7.5550000e+03
6.6940000e+03
7.4200000e+03
7.3880000e+03
6.7660000e+03
7.9120000e+03
7.7270000e+03
6.9060000e+03
8.2280000e+03
7.7870000e+03
7.1740000e+03
8.4040000e+03
8.0580000e+03
7.7580000e+03
9.2040000e+03
8.7660000e+03
8.6590000e+03
9.8910000e+03
9.5010000e+03
8.8450000e+03
1.0064000e+04
9.5470000e+03
8.8550000e+03
9.7410000e+03
9.0230000e+03
8.8200000e+03
9.6540000e+03
8.8340000e+03
8.7920000e+03
9.7360000e+03
8.7210000e+03
8.7800000e+03
9.6540000e+03
8.4220000e+03
8.6250000e+03
9.3400000e+03
8.2550000e+03
8.4530000e+03
8.9200000e+03
7.7650000e+03
8.2850000e+03
8.4650000e+03
7.5150000e+03
8.0610000e+03
8.0880000e+03
7.2490000e+03
7.7720000e+03
8.1590000e+03
7.2180000e+03
7.4630000e+03
8.2640000e+03
7.1250000e+03
7.3710000e+03
8.2900000e+03
7.7390000e+03
7.6460000e+03
8.6490000e+03
8.0970000e+03
7.8700000e+03
8.9020000e+03
8.3650000e+03
7.8080000e+03
8.9530000e+03
8.4810000e+03
7.7450000e+03
8.8610000e+03
8.2910000e+03
7.4260000e+03
8.5990000e+03
8.0080000e+03
7.2920000e+03
7.9600000e+03
8.4040000e+03
7.7690000e+03
7.9830000e+03
9.2430000e+03
8.5630000e+03
8.6170000e+03
1.0110000e+04
9.6910000e+03
9.5020000e+03
1.0595000e+04
9.7160000e+03
9.3260000e+03
1.0016000e+04
8.8410000e+03
8.5290000e+03
9.1990000e+03
7.9020000e+03
7.9280000e+03
8.7490000e+03
7.6140000e+03
8.0340000e+03
8.8450000e+03
7.8330000e+03
8.3500000e+03
8.7710000e+03
7.8020000e+03
8.4510000e+03
8.5510000e+03
7.6580000e+03
8.4780000e+03
8.4300000e+03
7.5660000e+03
8.1980000e+03
8.4060000e+03
7.5450000e+03
8.3250000e+03
8.3220000e+03
7.5550000e+03
8.4250000e+03
8.2580000e+03
7.4530000e+03
8.5250000e+03
8.1910000e+03
7.4360000e+03
8.6070000e+03
8.1690000e+03
7.5940000e+03
8.8780000e+03
8.4210000e+03
8.0570000e+03
9.3450000e+03
8.7770000e+03
8.5900000e+03
9.7200000e+03
8.9640000e+03
8.7850000e+03
9.6560000e+03
8.6450000e+03
8.4150000e+03
9.3220000e+03
8.3970000e+03
7.9550000e+03
8.9960000e+03
8.2470000e+03
7.6980000e+03
8.8660000e+03
8.3780000e+03
7.6060000e+03
8.7710000e+03
8.4770000e+03
7.6290000e+03
8.5300000e+03
8.5860000e+03
7.6850000e+03
8.4600000e+03
8.6320000e+03
7.6580000e+03
8.1340000e+03
8.7420000e+03
7.6280000e+03
7.9390000e+03
8.7720000e+03
8.0630000e+03
7.7140000e+03
8.5730000e+03
8.1520000e+03
7.1770000e+03
7.9930000e+03
7.9510000e+03
7.2330000e+03
8.3210000e+03
8.0710000e+03
7.3540000e+03
8.0520000e+03
8.0730000e+03
7.3820000e+03
8.4030000e+03
8.2200000e+03
7.4870000e+03
8.6850000e+03
8.2570000e+03
7.5820000e+03
8.7990000e+03
8.2970000e+03
7.7350000e+03
8.9570000e+03
8.4390000e+03
8.0970000e+03
9.3190000e+03
8.6620000e+03
8.5230000e+03
9.5330000e+03
8.7660000e+03
8.6200000e+03
9.4640000e+03
8.4180000e+03
8.3130000e+03
9.0860000e+03
7.9450000e+03
8.0020000e+03
8.8160000e+03
7.6960000e+03
8.0390000e+03
8.7910000e+03
7.6370000e+03
7.8500000e+03
8.6230000e+03
7.5530000e+03
7.8690000e+03
8.4570000e+03
7.4720000e+03
8.0260000e+03
8.3620000e+03
7.5130000e+03
8.2430000e+03
8.3050000e+03
7.5150000e+03
8.3120000e+03
8.2220000e+03
7.5020000e+03
8.4860000e+03
8.2150000e+03
7.5540000e+03
8.6850000e+03
8.1160000e+03
7.4120000e+03
8.3680000e+03
8.1520000e+03
7.3340000e+03
8.1040000e+03
8.2010000e+03
7.2520000e+03
7.8920000e+03
8.2610000e+03
7.2570000e+03
7.5780000e+03
8.4790000e+03
7.5010000e+03
7.9290000e+03
8.8390000e+03
8.0480000e+03
8.8090000e+03
7.9410000e+03
8.2280000e+03
9.2580000e+03
8.7430000e+03
8.3940000e+03
9.5210000e+03
8.7630000e+03
8.5970000e+03
9.5230000e+03
8.6700000e+03
8.4780000e+03
9.2610000e+03
8.1540000e+03
8.1480000e+03
8.8980000e+03
7.7410000e+03
7.9760000e+03
8.6790000e+03
7.8970000e+03
7.8880000e+03
8.6980000e+03
7.5880000e+03
7.8310000e+03
8.6230000e+03
7.5930000e+03
7.9560000e+03
8.5040000e+03
7.5180000e+03
8.0730000e+03
8.3230000e+03
7.4670000e+03
8.1800000e+03
8.1850000e+03
7.3420000e+03
8.1120000e+03
8.0080000e+03
7.3410000e+03
8.3580000e+03
8.1090000e+03
7.3980000e+03
8.5810000e+03
8.0920000e+03
7.2620000e+03
8.2280000e+03
8.0130000e+03
7.3080000e+03
8.4640000e+03
8.0720000e+03
7.3980000e+03
8.6280000e+03
8.2620000e+03
7.6330000e+03
8.7380000e+03
8.1700000e+03
7.9090000e+03
9.1230000e+03
8.5430000e+03
8.2180000e+03
8.9780000e+03
8.6090000e+03
8.2280000e+03
9.3290000e+03
8.9030000e+03
8.1650000e+03
8.9890000e+03
8.7060000e+03
7.9370000e+03
8.0010000e+03
8.4010000e+03
7.6430000e+03
8.1060000e+03
8.5110000e+03
7.7250000e+03
8.0150000e+03
8.6040000e+03
7.6780000e+03
7.8430000e+03
8.5890000e+03
7.7960000e+03
7.6570000e+03
8.5240000e+03
7.9430000e+03
7.5010000e+03
8.5260000e+03
7.9400000e+03
7.5520000e+03
8.5950000e+03
8.2140000e+03
7.4730000e+03
8.6140000e+03
8.2430000e+03
7.4580000e+03
8.5200000e+03
8.0840000e+03
9.911000