746.000000 8195.000000
870.000000 8195.000000
1280.000000 8195.000000
1319.000000 8195.000000
1971.000000 8195.000000
2096.000000 8195.000000
2210.000000 8195.000000
2318.000000 8195.000000
2621.000000 8195.000000
2866.000000 8195.000000
2906.000000 8195.000000
2913.000000 8195.000000
3076.000000 8195.000000
3142.000000 8195.000000
3145.000000 8195.000000
3155.000000 8195.000000
3311.000000 8195.000000
3343.000000 8195.000000
3449.000000 8195.000000
3493.000000 8195.000000
3540.000000 8195.000000
3594.000000 8195.000000
3636.000000 8195.000000
3735.000000 8195.000000
3736.000000 8195.000000
3737.000000 8195.000000
3751.000000 8195.000000
3777.000000 8195.000000
3910.000000 8195.000000
3918.000000 8195.000000
3952.000000 8195.000000
4021.000000 8195.000000
4139.000000 8195.000000
4188.000000 8195.000000
4190.000000 8195.000000
4221.000000 8195.000000
4236.000000 8195.000000
4296.000000 8195.000000
4302.000000 8195.000000
4363.000000 8195.000000
4373.000000 8195.000000
4376.000000 8195.000000
4392.000000 8195.000000
4408.000000 8195.000000
4420.000000 8195.000000
4510.000000 8195.000000
4544.000000 8195.000000
4559.000000 8195.000000
4617.000000 8195.000000
4624.000000 8195.000000
4663.000000 8195.000000
4668.000000 8195.000000
4677.000000 8195.000000
4682.000000 8195.000000
4687.000000 8195.000000
4745.000000 8195.000000
4764.000000 8195.000000
4769.000000 8195.000000
4829.000000 8195.000000
4855.000000 8195.000000
4866.000000 8195.000000
4887.000000 8195.000000
4900.000000 8195.000000
4926.000000 8195.000000
4944.000000 8195.000000
4949.000000 8195.000000
4953.000000 8195.000000
5029.000000 8195.000000
5034.000000 8195.000000
5068.000000 8195.000000
5168.000000 8195.000000
5194.000000 8195.000000
5266.000000 8195.000000
5295.000000 8195.000000
5335.000000 8195.000000
5384.000000 8195.000000
5396.000000 8195.000000
5430.000000 8195.000000
5433.000000 8195.000000
5439.000000 8195.000000
5465.000000 8195.000000
5479.000000 8195.000000
5552.000000 8195.000000
5552.000000 8195.000000
5651.000000 5651.000000
5657.000000 5657.000000
5663.000000 5663.000000
5664.000000 5664.000000
5737.000000 5737.000000
5738.000000 5738.000000
5769.000000 5769.000000
5778.000000 5778.000000
5810.000000 5810.000000
5811.000000 5811.000000
5813.000000 5813.000000
5869.000000 5869.000000
5885.000000 5885.000000
5927.000000 5927.000000
5940.000000 5940.000000
5991.000000 5991.000000
6006.000000 6006.000000
6015.000000 6015.000000
6110.000000 6110.000000
6136.000000 6136.000000
6150.000000 6150.000000
6262.000000 6262.000000
6267.000000 6267.000000
6294.000000 6294.000000
6300.000000 6300.000000
6308.000000 6308.000000
6312.000000 6312.000000
6317.000000 6317.000000
6339.000000 6339.000000
6344.000000 6344.000000
6371.000000 6371.000000
6378.000000 6378.000000
6382.000000 6382.000000
6406.000000 6406.000000
6410.000000 6410.000000
6451.000000 6451.000000
6451.000000 6451.000000
6457.000000 6457.000000
6471.000000 6471.000000
6476.000000 6476.000000
6479.000000 6479.000000
6495.000000 6495.000000
6500.000000 6500.000000
6505.000000 6505.000000
6510.000000 6510.000000
6578.000000 6578.000000
6583.000000 6583.000000
6586.000000 6586.000000
6604.000000 6604.000000
6635.000000 6635.000000
6638.000000 6638.000000
6673.000000 6673.000000
6694.000000 6694.000000
6726.000000 6726.000000
6728.000000 6728.000000
6766.000000 6766.000000
6767.000000 6767.000000
6776.000000 6776.000000
6799.000000 6799.000000
6806.000000 6806.000000
6812.000000 6812.000000
6857.000000 6857.000000
6873.000000 6873.000000
6874.000000 6874.000000
6877.000000 6877.000000
6879.000000 6879.000000
6884.000000 6884.000000
6887.000000 6887.000000
6888.000000 6888.000000
6891.000000 6891.000000
6892.000000 6892.000000
6897.000000 6897.000000
6906.000000 6906.000000
6907.000000 6907.000000
6916.000000 6916.000000
6936.000000 6936.000000
6969.000000 6969.000000
6981.000000 6981.000000
6981.000000 6981.000000
6988.000000 6988.000000
6991.000000 6991.000000
6998.000000 6998.000000
7012.000000 7012.000000
7042.000000 7042.000000
7043.000000 7043.000000
7046.000000 7046.000000
7054.000000 7054.000000
7068.000000 7068.000000
7077.000000 7077.000000
7080.000000 7080.000000
7080.000000 7080.000000
7086.000000 7086.000000
7086.000000 7086.000000
7087.000000 7087.000000
7087.000000 7087.000000
7098.000000 7098.000000
7100.000000 7100.000000
7102.000000 7102.000000
7108.000000 7108.000000
7111.000000 7111.000000
7111.000000 7111.000000
7115.000000 7115.000000
7119.000000 7119.000000
7124.000000 7124.000000
7125.000000 7125.000000
7125.000000 7125.000000
7129.000000 7129.000000
7131.000000 7131.000000
7134.000000 7134.000000
7136.000000 7136.000000
7145.000000 7145.000000
7145.000000 7145.000000
7149.000000 7149.000000
7153.000000 7153.000000
7153.000000 7153.000000
7154.000000 7154.000000
7159.000000 7159.000000
7161.000000 7161.000000
7161.000000 7161.000000
7162.000000 7162.000000
7164.000000 7164.000000
7167.000000 7167.000000
7168.000000 7168.000000
7172.000000 7172.000000
7173.000000 7173.000000
7174.000000 7174.000000
7177.000000 7177.000000
7177.000000 7177.000000
7178.000000 7178.000000
7182.000000 7182.000000
7183.000000 7183.000000
7193.000000 7193.000000
7194.000000 7194.000000
7197.000000 7197.000000
7199.000000 7199.000000
7202.000000 7202.000000
7207.000000 7207.000000
7211.000000 7211.000000
7213.000000 7213.000000
7213.000000 7213.000000
7217.000000 7217.000000
7218.000000 7218.000000
7220.000000 7220.000000
7221.000000 7221.000000
7223.000000 7223.000000
7226.000000 7226.000000
7229.000000 7229.000000
7232.000000 7232.000000
7233.000000 7233.000000
7234.000000 7234.000000
7235.000000 7235.000000
7236.000000 7236.000000
7237.000000 7237.000000
7241.000000 7241.000000
7242.000000 7242.000000
7244.000000 7244.000000
7244.000000 7244.000000
7245.000000 7245.000000
7247.000000 7247.000000
7247.000000 7247.000000
7247.000000 7247.000000
7249.000000 7249.000000
7249.000000 7249.000000
7249.000000 7249.000000
7252.000000 7252.000000
7254.000000 7254.000000
7256.000000 7256.000000
7256.000000 7256.000000
7257.000000 7257.000000
7257.000000 7257.000000
7258.000000 7258.000000
7258.000000 7258.000000
7258.000000 7258.000000
7259.000000 7259.000000
7260.000000 7260.000000
7262.000000 7262.000000
7263.000000 7263.000000
7263.000000 7263.000000
7265.000000 7265.000000
7266.000000 7266.000000
7268.000000 7268.000000
7268.000000 7268.000000
7270.000000 7270.000000
7274.000000 7274.000000
7279.000000 7279.000000
7279.000000 7279.000000
7281.000000 7281.000000
7282.000000 7282.000000
7283.000000 7283.000000
7286.000000 7286.000000
7286.000000 7286.000000
7291.000000 7291.000000
7292.000000 7292.000000
7295.000000 7295.000000
7295.000000 7295.000000
7298.000000 7298.000000
7303.000000 7303.000000
7305.000000 7305.000000
7306.000000 7306.000000
7307.000000 7307.000000
7308.000000 7308.000000
7309.000000 7309.000000
7313.000000 7313.000000
7314.000000 7314.000000
7316.000000 7316.000000
7320.000000 7320.000000
7320.000000 7320.000000
7320.000000 7320.000000
7322.000000 7322.000000
7326.000000 7326.000000
7326.000000 7326.000000
7327.000000 7327.000000
7330.000000 7330.000000
7332.000000 7332.000000
7332.000000 7332.000000
7333.000000 7333.000000
7333.000000 7333.000000
7334.000000 7334.000000
7338.000000 7338.000000
7339.000000 7339.000000
7339.000000 7339.000000
7340.000000 7340.000000
7341.000000 7341.000000
7342.000000 7342.000000
7342.000000 7342.000000
7347.000000 7347.000000
7348.000000 7348.000000
7350.000000 7350.000000
7354.000000 7354.000000
7355.000000 7355.000000
7358.000000 7358.000000
7359.000000 7359.000000
7361.000000 7361.000000
7364.000000 7364.000000
7366.000000 7366.000000
7367.000000 7367.000000
7368.000000 7368.000000
7369.000000 7369.000000
7369.000000 7369.000000
7371.000000 7371.000000
7375.000000 7375.000000
7376.000000 7376.000000
7379.000000 7379.000000
7380.000000 7380.000000
7380.000000 7380.000000
7382.000000 7382.000000
7382.000000 7382.000000
7382.000000 7382.000000
7383.000000 7383.000000
7383.000000 7383.000000
7384.000000 7384.000000
7388.000000 7388.000000
7390.000000 7390.000000
7390.000000 7390.000000
7390.000000 7390.000000
7393.000000 7393.000000
7396.000000 7396.000000
7397.000000 7397.000000
7397.000000 7397.000000
7397.000000 7397.000000
7398.000000 7398.000000
7398.000000 7398.000000
7402.000000 7402.000000
7405.000000 7405.000000
7405.000000 7405.000000
7405.000000 7405.000000
7410.000000 7410.000000
7410.000000 7410.000000
7411.000000 7411.000000
7411.000000 7411.000000
7412.000000 7412.000000
7420.000000 7420.000000
7421.000000 7421.000000
7422.000000 7422.000000
7423.000000 7423.000000
7425.000000 7425.000000
7426.000000 7426.000000
7426.000000 7426.000000
7426.000000 7426.000000
7427.000000 7427.000000
7427.000000 7427.000000
7429.000000 7429.000000
7430.000000 7430.000000
7431.000000 7431.000000
7435.000000 7435.000000
7436.000000 7436.000000
7436.000000 7436.000000
7437.000000 7437.000000
7438.000000 7438.000000
7440.000000 7440.000000
7441.000000 7441.000000
7443.000000 7443.000000
7443.000000 7443.000000
7444.000000 7444.000000
7445.000000 7445.000000
7446.000000 7446.000000
7448.000000 7448.000000
7448.000000 7448.000000
7449.000000 7449.000000
7451.000000 7451.000000
7451.000000 7451.000000
7453.000000 7453.000000
7453.000000 7453.000000
7453.000000 7453.000000
7454.000000 7454.000000
7455.000000 7455.000000
7458.000000 7458.000000
7463.000000 7463.000000
7463.000000 7463.000000
7466.000000 7466.000000
7467.000000 7467.000000
7467.000000 7467.000000
7468.000000 7468.000000
7469.000000 7469.000000
7472.000000 7472.000000
7473.000000 7473.000000
7475.000000 7475.000000
7476.000000 7476.000000
7476.000000 7476.000000
7477.000000 7477.000000
7478.000000 7478.000000
7480.000000 7480.000000
7481.000000 7481.000000
7482.000000 7482.000000
7483.000000 7483.000000
7484.000000 7484.000000
7486.000000 7486.000000
7487.000000 7487.000000
7489.000000 7489.000000
7491.000000 7491.000000
7492.000000 7492.000000
7492.000000 7492.000000
7493.000000 7493.000000
7495.000000 7495.000000
7497.000000 7497.000000
7499.000000 7499.000000
7499.000000 7499.000000
7500.000000 7500.000000
7501.000000 7501.000000
7501.000000 7501.000000
7502.000000 7502.000000
7502.000000 7502.000000
7502.000000 7502.000000
7502.000000 7502.000000
7503.000000 7503.000000
7507.000000 7507.000000
7507.000000 7507.000000
7507.000000 7507.000000
7513.000000 7513.000000
7514.000000 7514.000000
7515.000000 7515.000000
7515.000000 7515.000000
7518.000000 7518.000000
7518.000000 7518.000000
7520.000000 7520.000000
7520.000000 7520.000000
7525.000000 7525.000000
7525.000000 7525.000000
7526.000000 7526.000000
7527.000000 7527.000000
7528.000000 7528.000000
7529.000000 7529.000000
7533.000000 7533.000000
7534.000000 7534.000000
7536.000000 7536.000000
7537.000000 7537.000000
7537.000000 7537.000000
7537.000000 7537.000000
7538.000000 7538.000000
7539.000000 7539.000000
7542.000000 7542.000000
7542.000000 7542.000000
7545.000000 7545.000000
7546.000000 7546.000000
7548.000000 7548.000000
7548.000000 7548.000000
7549.000000 7549.000000
7552.000000 7552.000000
7552.000000 7552.000000
7553.000000 7553.000000
7554.000000 7554.000000
7554.000000 7554.000000
7555.000000 7555.000000
7555.000000 7555.000000
7555.000000 7555.000000
7555.000000 7555.000000
7555.000000 7555.000000
7558.000000 7558.000000
7558.000000 7558.000000
7564.000000 7564.000000
7565.000000 7565.000000
7566.000000 7566.000000
7567.000000 7567.000000
7567.000000 7567.000000
7569.000000 7569.000000
7573.000000 7573.000000
7573.000000 7573.000000
7576.000000 7576.000000
7576.000000 7576.000000
7576.000000 7576.000000
7578.000000 7578.000000
7579.000000 7579.000000
7582.000000 7582.000000
7584.000000 7584.000000
7585.000000 7585.000000
7588.000000 7588.000000
7590.000000 7590.000000
7592.000000 7592.000000
7593.000000 7593.000000
7594.000000 7594.000000
7594.000000 7594.000000
7594.000000 7594.000000
7595.000000 7595.000000
7596.000000 7596.000000
7596.000000 7596.000000
7597.000000 7597.000000
7598.000000 7598.000000
7602.000000 7602.000000
7603.000000 7603.000000
7604.000000 7604.000000
7605.000000 7605.000000
7606.000000 7606.000000
7606.000000 7606.000000
7610.000000 7610.000000
7611.000000 7611.000000
7612.000000 7612.000000
7614.000000 7614.000000
7616.000000 7616.000000
7616.000000 7616.000000
7617.000000 7617.000000
7618.000000 7618.000000
7621.000000 7621.000000
7621.000000 7621.000000
7622.000000 7622.000000
7623.000000 7623.000000
7625.000000 7625.000000
7627.000000 7627.000000
7627.000000 7627.000000
7627.000000 7627.000000
7627.000000 7627.000000
7627.000000 7627.000000
7628.000000 7628.000000
7629.000000 7629.000000
7629.000000 7629.000000
7629.000000 7629.000000
7630.000000 7630.000000
7631.000000 7631.000000
7633.000000 7633.000000
7633.000000 7633.000000
7634.000000 7634.000000
7635.000000 7635.000000
7635.000000 7635.000000
7637.000000 7637.000000
7639.000000 7639.000000
7641.000000 7641.000000
7641.000000 7641.000000
7642.000000 7642.000000
7643.000000 7643.000000
7646.000000 7646.000000
7646.000000 7646.000000
7647.000000 7647.000000
7647.000000 7647.000000
7649.000000 7649.000000
7649.000000 7649.000000
7649.000000 7649.000000
7650.000000 7650.000000
7651.000000 7651.000000
7652.000000 7652.000000
7653.000000 7653.000000
7654.000000 7654.000000
7655.000000 7655.000000
7656.000000 7656.000000
7657.000000 7657.000000
7658.000000 7658.000000
7658.000000 7658.000000
7658.000000 7658.000000
7663.000000 7663.000000
7664.000000 7664.000000
7664.000000 7664.000000
7667.000000 7667.000000
7669.000000 7669.000000
7670.000000 7670.000000
7673.000000 7673.000000
7677.000000 7677.000000
7677.000000 7677.000000
7678.000000 7678.000000
7679.000000 7679.000000
7681.000000 7681.000000
7681.000000 7681.000000
7682.000000 7682.000000
7683.000000 7683.000000
7685.000000 7685.000000
7687.000000 7687.000000
7688.000000 7688.000000
7689.000000 7689.000000
7689.000000 7689.000000
7689.000000 7689.000000
7690.000000 7690.000000
7691.000000 7691.000000
7696.000000 7696.000000
7696.000000 7696.000000
7698.000000 7698.000000
7699.000000 7699.000000
7699.000000 7699.000000
7702.000000 7702.000000
7703.000000 7703.000000
7705.000000 7705.000000
7707.000000 7707.000000
7710.000000 7710.000000
7713.000000 7713.000000
7714.000000 7714.000000
7714.000000 7714.000000
7716.000000 7716.000000
7717.000000 7717.000000
7719.000000 7719.000000
7721.000000 7721.000000
7721.000000 7721.000000
7721.000000 7721.000000
7722.000000 7722.000000
7724.000000 7724.000000
7725.000000 7725.000000
7725.000000 7725.000000
7726.000000 7726.000000
7727.000000 7727.000000
7728.000000 7728.000000
7728.000000 7728.000000
7729.000000 7729.000000
7733.000000 7733.000000
7733.000000 7733.000000
7734.000000 7734.000000
7735.000000 7735.000000
7737.000000 7737.000000
7739.000000 7739.000000
7741.000000 7741.000000
7742.000000 7742.000000
7745.000000 7745.000000
7745.000000 7745.000000
7746.000000 7746.000000
7747.000000 7747.000000
7748.000000 7748.000000
7748.000000 7748.000000
7748.000000 7748.000000
7752.000000 7752.000000
7753.000000 7753.000000
7755.000000 7755.000000
7756.000000 7756.000000
7757.000000 7757.000000
7758.000000 7758.000000
7759.000000 7759.000000
7760.000000 7760.000000
7760.000000 7760.000000
7761.000000 7761.000000
7763.000000 7763.000000
7765.000000 7765.000000
7766.000000 7766.000000
7769.000000 7769.000000
7769.000000 7769.000000
7769.000000 7769.000000
7771.000000 7771.000000
7772.000000 7772.000000
7772.000000 7772.000000
7773.000000 7773.000000
7774.000000 7774.000000
7779.000000 7779.000000
7783.000000 7783.000000
7785.000000 7785.000000
7786.000000 7786.000000
7787.000000 7787.000000
7787.000000 7787.000000
7792.000000 7792.000000
7793.000000 7793.000000
7794.000000 7794.000000
7796.000000 7796.000000
7796.000000 7796.000000
7798.000000 7798.000000
7800.000000 7800.000000
7802.000000 7802.000000
7808.000000 7808.000000
7809.000000 7809.000000
7809.000000 7809.000000
7810.000000 7810.000000
7815.000000 7815.000000
7815.000000 7815.000000
7818.000000 7818.000000
7822.000000 7822.000000
7826.000000 7826.000000
7830.000000 7830.000000
7830.000000 7830.000000
7830.000000 7830.000000
7831.000000 7831.000000
7831.000000 7831.000000
7833.000000 7833.000000
7833.000000 7833.000000
7836.000000 7836.000000
7836.000000 7836.000000
7837.000000 7837.000000
7840.000000 7840.000000
7843.000000 7843.000000
7846.000000 7846.000000
7846.000000 7846.000000
7848.000000 7848.000000
7849.000000 7849.000000
7849.000000 7849.000000
7850.000000 7850.000000
7852.000000 7852.000000
7855.000000 7855.000000
7856.000000 7856.000000
7862.000000 7862.000000
7862.000000 7862.000000
7865.000000 7865.000000
7867.000000 7867.000000
7869.000000 7869.000000
7869.000000 7869.000000
7869.000000 7869.000000
7870.000000 7870.000000
7870.000000 7870.000000
7870.000000 7870.000000
7871.000000 7871.000000
7871.000000 7871.000000
7873.000000 7873.000000
7875.000000 7875.000000
7876.000000 7876.000000
7877.000000 7877.000000
7881.000000 7881.000000
7882.000000 7882.000000
7883.000000 7883.000000
7884.000000 7884.000000
7884.000000 7884.000000
7887.000000 7887.000000
7888.000000 7888.000000
7889.000000 7889.000000
7890.000000 7890.000000
7892.000000 7892.000000
7892.000000 7892.000000
7893.000000 7893.000000
7896.000000 7896.000000
7897.000000 7897.000000
7900.000000 7900.000000
7901.000000 7901.000000
7902.000000 7902.000000
7902.000000 7902.000000
7902.000000 7902.000000
7905.000000 7905.000000
7907.000000 7907.000000
7909.000000 7909.000000
7911.000000 7911.000000
7912.000000 7912.000000
7912.000000 7912.000000
7917.000000 7917.000000
7919.000000 7919.000000
7920.000000 7920.000000
7921.000000 7921.000000
7922.000000 7922.000000
7923.000000 7923.000000
7925.000000 7925.000000
7926.000000 7926.000000
7927.000000 7927.000000
7928.000000 7928.000000
7928.000000 7928.000000
7929.000000 7929.000000
7929.000000 7929.000000
7929.000000 7929.000000
7929.000000 7929.000000
7930.000000 7930.000000
7937.000000 7937.000000
7937.000000 7937.000000
7938.000000 7938.000000
7939.000000 7939.000000
7939.000000 7939.000000
7939.000000 7939.000000
7940.000000 7940.000000
7941.000000 7941.000000
7942.000000 7942.000000
7943.000000 7943.000000
7945.000000 7945.000000
7945.000000 7945.000000
7945.000000 7945.000000
7945.000000 7945.000000
7949.000000 7949.000000
7951.000000 7951.000000
7952.000000 7952.000000
7952.000000 7952.000000
7953.000000 7953.000000
7955.000000 7955.000000
7955.000000 7955.000000
7955.000000 7955.000000
7956.000000 7956.000000
7957.000000 7957.000000
7960.000000 7960.000000
7960.000000 7960.000000
7960.000000 7960.000000
7964.000000 7964.000000
7966.000000 7966.000000
7966.000000 7966.000000
7967.000000 7967.000000
7969.000000 7969.000000
7973.000000 7973.000000
7973.000000 7973.000000
7974.000000 7974.000000
7975.000000 7975.000000
7975.000000 7975.000000
7976.000000 7976.000000
7976.000000 7976.000000
7977.000000 7977.000000
7977.000000 7977.000000
7978.000000 7978.000000
7981.000000 7981.000000
7983.000000 7983.000000
7983.000000 7983.000000
7984.000000 7984.000000
7985.000000 7985.000000
7985.000000 7985.000000
7986.000000 7986.000000
7987.000000 7987.000000
7992.000000 7992.000000
7993.000000 7993.000000
7994.000000 7994.000000
7994.000000 7994.000000
7994.000000 7994.000000
7995.000000 7995.000000
7995.000000 7995.000000
7997.000000 7997.000000
7997.000000 7997.000000
7998.000000 7998.000000
8000.000000 8000.000000
8001.000000 8001.000000
8002.000000 8002.000000
8002.000000 8002.000000
8004.000000 8004.000000
8004.000000 8004.000000
8006.000000 8006.000000
8006.000000 8006.000000
8007.000000 8007.000000
8008.000000 8008.000000
8008.000000 8008.000000
8008.000000 8008.000000
8008.000000 8008.000000
8009.000000 8009.000000
8012.000000 8012.000000
8013.000000 8013.000000
8013.000000 8013.000000
8014.000000 8014.000000
8015.000000 8015.000000
8018.000000 8018.000000
8020.000000 8020.000000
8020.000000 8020.000000
8026.000000 8026.000000
8027.000000 8027.000000
8028.000000 8028.000000
8030.000000 8030.000000
8030.000000 8030.000000
8030.000000 8030.000000
8032.000000 8032.000000
8034.000000 8034.000000
8034.000000 8034.000000
8035.000000 8035.000000
8039.000000 8039.000000
8039.000000 8039.000000
8039.000000 8039.000000
8040.000000 8040.000000
8040.000000 8040.000000
8043.000000 8043.000000
8044.000000 8044.000000
8044.000000 8044.000000
8044.000000 8044.000000
8046.000000 8046.000000
8047.000000 8047.000000
8048.000000 8048.000000
8048.000000 8048.000000
8048.000000 8048.000000
8048.000000 8048.000000
8048.000000 8048.000000
8052.000000 8052.000000
8053.000000 8053.000000
8053.000000 8053.000000
8053.000000 8053.000000
8054.000000 8054.000000
8056.000000 8056.000000
8056.000000 8056.000000
8057.000000 8057.000000
8057.000000 8057.000000
8058.000000 8058.000000
8059.000000 8059.000000
8060.000000 8060.000000
8061.000000 8061.000000
8063.000000 8063.000000
8064.000000 8064.000000
8064.000000 8064.000000
8065.000000 8065.000000
8066.000000 8066.000000
8066.000000 8066.000000
8067.000000 8067.000000
8069.000000 8069.000000
8071.000000 8071.000000
8071.000000 8071.000000
8071.000000 8071.000000
8072.000000 8072.000000
8072.000000 8072.000000
8073.000000 8073.000000
8073.000000 8073.000000
8074.000000 8074.000000
8075.000000 8075.000000
8076.000000 8076.000000
8076.000000 8076.000000
8078.000000 8078.000000
8078.000000 8078.000000
8078.000000 8078.000000
8079.000000 8079.000000
8079.000000 8079.000000
8080.000000 8080.000000
8081.000000 8081.000000
8083.000000 8083.000000
8083.000000 8083.000000
8084.000000 8084.000000
8084.000000 8084.000000
8084.000000 8084.000000
8084.000000 8084.000000
8088.000000 8088.000000
8090.000000 8090.000000
8090.000000 8090.000000
8090.000000 8090.000000
8092.000000 8092.000000
8093.000000 8093.000000
8097.000000 8097.000000
8097.000000 8097.000000
8097.000000 8097.000000
8098.000000 8098.000000
8098.000000 8098.000000
8100.000000 8100.000000
8101.000000 8101.000000
8102.000000 8102.000000
8102.000000 8102.000000
8104.000000 8104.000000
8105.000000 8105.000000
8106.000000 8106.000000
8106.000000 8106.000000
8106.000000 8106.000000
8107.000000 8107.000000
8109.000000 8109.000000
8110.000000 8110.000000
8110.000000 8110.000000
8112.000000 8112.000000
8112.000000 8112.000000
8113.000000 8113.000000
8113.000000 8113.000000
8114.000000 8114.000000
8115.000000 8115.000000
8116.000000 8116.000000
8116.000000 8116.000000
8118.000000 8118.000000
8118.000000 8118.000000
8119.000000 8119.000000
8120.000000 8120.000000
8122.000000 8122.000000
8122.000000 8122.000000
8122.000000 8122.000000
8123.000000 8123.000000
8123.000000 8123.000000
8123.000000 8123.000000
8124.000000 8124.000000
8128.000000 8128.000000
8129.000000 8129.000000
8129.000000 8129.000000
8129.000000 8129.000000
8130.000000 8130.000000
8132.000000 8132.000000
8134.000000 8134.000000
8134.000000 8134.000000
8134.000000 8134.000000
8134.000000 8134.000000
8137.000000 8137.000000
8138.000000 8138.000000
8140.000000 8140.000000
8141.000000 8141.000000
8141.000000 8141.000000
8143.000000 8143.000000
8143.000000 8143.000000
8146.000000 8146.000000
8148.000000 8148.000000
8149.000000 8149.000000
8150.000000 8150.000000
8152.000000 8152.000000
8152.000000 8152.000000
8153.000000 8153.000000
8154.000000 8154.000000
8154.000000 8154.000000
8154.000000 8154.000000
8156.000000 8156.000000
8159.000000 8159.000000
8163.000000 8163.000000
8163.000000 8163.000000
8164.000000 8164.000000
8165.000000 8165.000000
8165.000000 8165.000000
8166.000000 8166.000000
8168.000000 8168.000000
8168.000000 8168.000000
8169.000000 8169.000000
8170.000000 8170.000000
8171.000000 8171.000000
8173.000000 8173.000000
8176.000000 8176.000000
8176.000000 8176.000000
8177.000000 8177.000000
8178.000000 8178.000000
8178.000000 8178.000000
8179.000000 8179.000000
8180.000000 8180.000000
8183.000000 8183.000000
8185.000000 8185.000000
8186.000000 8186.000000
8186.000000 8186.000000
8189.000000 8189.000000
8191.000000 8191.000000
8191.000000 8191.000000
8194.000000 8194.000000
8195.000000 8195.000000
8198.000000 8198.000000
8200.000000 8200.000000
8201.000000 8201.000000
8201.000000 8201.000000
8201.000000 8201.000000
8202.000000 8202.000000
8205.000000 8205.000000
8206.000000 8206.000000
8206.000000 8206.000000
8206.000000 8206.000000
8208.000000 8208.000000
8208.000000 8208.000000
8209.000000 8209.000000
8209.000000 8209.000000
8212.000000 8212.000000
8212.000000 8212.000000
8213.000000 8213.000000
8214.000000 8214.000000
8214.000000 8214.000000
8215.000000 8215.000000
8217.000000 8217.000000
8218.000000 8218.000000
8218.000000 8218.000000
8219.000000 8219.000000
8219.000000 8219.000000
8220.000000 8220.000000
8220.000000 8220.000000
8220.000000 8220.000000
8221.000000 8221.000000
8221.000000 8221.000000
8221.000000 8221.000000
8222.000000 8222.000000
8222.000000 8222.000000
8225.000000 8225.000000
8225.000000 8225.000000
8226.000000 8226.000000
8227.000000 8227.000000
8228.000000 8228.000000
8228.000000 8228.000000
8228.000000 8228.000000
8228.000000 8228.000000
8228.000000 8228.000000
8229.000000 8229.000000
8230.000000 8230.000000
8232.000000 8232.000000
8233.000000 8233.000000
8234.000000 8234.000000
8234.000000 8234.000000
8236.000000 8236.000000
8236.000000 8236.000000
8237.000000 8237.000000
8238.000000 8238.000000
8239.000000 8239.000000
8239.000000 8239.000000
8242.000000 8242.000000
8243.000000 8243.000000
8243.000000 8243.000000
8245.000000 8245.000000
8247.000000 8247.000000
8250.000000 8250.000000
8250.000000 8250.000000
8255.000000 8255.000000
8255.000000 8255.000000
8257.000000 8257.000000
8257.000000 8257.000000
8258.000000 8258.000000
8260.000000 8260.000000
8260.000000 8260.000000
8261.000000 8261.000000
8262.000000 8262.000000
8263.000000 8263.000000
8264.000000 8264.000000
8264.000000 8264.000000
8265.000000 8265.000000
8266.000000 8266.000000
8266.000000 8266.000000
8267.000000 8267.000000
8267.000000 8267.000000
8269.000000 8269.000000
8269.000000 8269.000000
8272.000000 8272.000000
8274.000000 8274.000000
8274.000000 8274.000000
8276.000000 8276.000000
8277.000000 8277.000000
8279.000000 8279.000000
8280.000000 8280.000000
8280.000000 8280.000000
8280.000000 8280.000000
8281.000000 8281.000000
8282.000000 8282.000000
8285.000000 8285.000000
8287.000000 8287.000000
8288.000000 8288.000000
8289.000000 8289.000000
8290.000000 8290.000000
8290.000000 8290.000000
8291.000000 8291.000000
8291.000000 8291.000000
8293.000000 8293.000000
8295.000000 8295.000000
8295.000000 8295.000000
8297.000000 8297.000000
8298.000000 8298.000000
8299.000000 8299.000000
8301.000000 8301.000000
8302.000000 8302.000000
8303.000000 8303.000000
8305.000000 8305.000000
8306.000000 8306.000000
8306.000000 8306.000000
8306.000000 8306.000000
8311.000000 8311.000000
8312.000000 8312.000000
8313.000000 8313.000000
8313.000000 8313.000000
8316.000000 8316.000000
8317.000000 8317.000000
8318.000000 8318.000000
8318.000000 8318.000000
8319.000000 8319.000000
8321.000000 8321.000000
8322.000000 8322.000000
8322.000000 8322.000000
8322.000000 8322.000000
8323.000000 8323.000000
8324.000000 8324.000000
8324.000000 8324.000000
8325.000000 8325.000000
8325.000000 8325.000000
8326.000000 8326.000000
8326.000000 8326.000000
8327.000000 8327.000000
8328.000000 8328.000000
8328.000000 8328.000000
8329.000000 8329.000000
8330.000000 8330.000000
8330.000000 8330.000000
8331.000000 8331.000000
8332.000000 8332.000000
8335.000000 8335.000000
8335.000000 8335.000000
8341.000000 8341.000000
8342.000000 8342.000000
8344.000000 8344.000000
8348.000000 8348.000000
8350.000000 8350.000000
8353.000000 8353.000000
8353.000000 8353.000000
8353.000000 8353.000000
8357.000000 8357.000000
8357.000000 8357.000000
8358.000000 8358.000000
8358.000000 8358.000000
8358.000000 8358.000000
8358.000000 8358.000000
8362.000000 8362.000000
8362.000000 8362.000000
8363.000000 8363.000000
8364.000000 8364.000000
8365.000000 8365.000000
8366.000000 8366.000000
8368.000000 8368.000000
8373.000000 8373.000000
8375.000000 8375.000000
8378.000000 8378.000000
8380.000000 8380.000000
8380.000000 8380.000000
8381.000000 8381.000000
8381.000000 8381.000000
8381.000000 8381.000000
8382.000000 8382.000000
8382.000000 8382.000000
8382.000000 8382.000000
8385.000000 8385.000000
8390.000000 8390.000000
8390.000000 8390.000000
8391.000000 8391.000000
8394.000000 8394.000000
8395.000000 8395.000000
8396.000000 8396.000000
8397.000000 8397.000000
8399.000000 8399.000000
8399.000000 8399.000000
8399.000000 8399.000000
8400.000000 8400.000000
8401.000000 8401.000000
8401.000000 8401.000000
8401.000000 8401.000000
8401.000000 8401.000000
8403.000000 8403.000000
8403.000000 8403.000000
8403.000000 8403.000000
8404.000000 8404.000000
8404.000000 8404.000000
8406.000000 8406.000000
8407.000000 8407.000000
8409.000000 8409.000000
8409.000000 8409.000000
8412.000000 8412.000000
8414.000000 8414.000000
8415.000000 8415.000000
8415.000000 8415.000000
8415.000000 8415.000000
8415.000000 8415.000000
8415.000000 8415.000000
8416.000000 8416.000000
8418.000000 8418.000000
8418.000000 8418.000000
8418.000000 8418.000000
8418.000000 8418.000000
8421.000000 8421.000000
8421.000000 8421.000000
8422.000000 8422.000000
8423.000000 8423.000000
8425.000000 8425.000000
8425.000000 8425.000000
8426.000000 8426.000000
8427.000000 8427.000000
8428.000000 8428.000000
8429.000000 8429.000000
8430.000000 8430.000000
8430.000000 8430.000000
8432.000000 8432.000000
8432.000000 8432.000000
8433.000000 8433.000000
8433.000000 8433.000000
8434.000000 8434.000000
8435.000000 8435.000000
8437.000000 8437.000000
8439.000000 8439.000000
8439.000000 8439.000000
8441.000000 8441.000000
8444.000000 8444.000000
8448.000000 8448.000000
8448.000000 8448.000000
8451.000000 8451.000000
8451.000000 8451.000000
8451.000000 8451.000000
8451.000000 8451.000000
8452.000000 8452.000000
8453.000000 8453.000000
8453.000000 8453.000000
8454.000000 8454.000000
8456.000000 8456.000000
8456.000000 8456.000000
8457.000000 8457.000000
8459.000000 8459.000000
8459.000000 8459.000000
8460.000000 8460.000000
8460.000000 8460.000000
8464.000000 8464.000000
8464.000000 8464.000000
8465.000000 8465.000000
8467.000000 8467.000000
8467.000000 8467.000000
8467.000000 8467.000000
8471.000000 8471.000000
8472.000000 8472.000000
8472.000000 8472.000000
8473.000000 8473.000000
8475.000000 8475.000000
8476.000000 8476.000000
8477.000000 8477.000000
8477.000000 8477.000000
8478.000000 8478.000000
8478.000000 8478.000000
8478.000000 8478.000000
8479.000000 8479.000000
8479.000000 8479.000000
8479.000000 8479.000000
8480.000000 8480.000000
8480.000000 8480.000000
8481.000000 8481.000000
8481.000000 8481.000000
8482.000000 8482.000000
8482.000000 8482.000000
8482.000000 8482.000000
8483.000000 8483.000000
8483.000000 8483.000000
8486.000000 8486.000000
8487.000000 8487.000000
8488.000000 8488.000000
8488.000000 8488.000000
8491.000000 8491.000000
8492.000000 8492.000000
8492.000000 8492.000000
8492.000000 8492.000000
8492.000000 8492.000000
8494.000000 8494.000000
8496.000000 8496.000000
8496.000000 8496.000000
8497.000000 8497.000000
8500.000000 8500.000000
8501.000000 8501.000000
8501.000000 8501.000000
8504.000000 8504.000000
8505.000000 8505.000000
8505.000000 8505.000000
8506.000000 8506.000000
8506.000000 8506.000000
8506.000000 8506.000000
8506.000000 8506.000000
8510.000000 8510.000000
8510.000000 8510.000000
8511.000000 8511.000000
8514.000000 8514.000000
8514.000000 8514.000000
8515.000000 8515.000000
8517.000000 8517.000000
8520.000000 8520.000000
8522.000000 8522.000000
8522.000000 8522.000000
8522.000000 8522.000000
8522.000000 8522.000000
8522.000000 8522.000000
8523.000000 8523.000000
8524.000000 8524.000000
8525.000000 8525.000000
8526.000000 8526.000000
8526.000000 8526.000000
8527.000000 8527.000000
8529.000000 8529.000000
8529.000000 8529.000000
8529.000000 8529.000000
8529.000000 8529.000000
8529.000000 8529.000000
8530.000000 8530.000000
8530.000000 8530.000000
8532.000000 8532.000000
8534.000000 8534.000000
8537.000000 8537.000000
8539.000000 8539.000000
8540.000000 8540.000000
8540.000000 8540.000000
8541.000000 8541.000000
8541.000000 8541.000000
8541.000000 8541.000000
8542.000000 8542.000000
8543.000000 8543.000000
8545.000000 8545.000000
8546.000000 8546.000000
8547.000000 8547.000000
8548.000000 8548.000000
8551.000000 8551.000000
8552.000000 8552.000000
8553.000000 8553.000000
8555.000000 8555.000000
8555.000000 8555.000000
8556.000000 8556.000000
8558.000000 8558.000000
8560.000000 8560.000000
8562.000000 8562.000000
8563.000000 8563.000000
8564.000000 8564.000000
8564.000000 8564.000000
8566.000000 8566.000000
8568.000000 8568.000000
8571.000000 8571.000000
8573.000000 8573.000000
8575.000000 8575.000000
8576.000000 8576.000000
8576.000000 8576.000000
8579.000000 8579.000000
8579.000000 8579.000000
8579.000000 8579.000000
8580.000000 8580.000000
8581.000000 8581.000000
8581.000000 8581.000000
8586.000000 8586.000000
8587.000000 8587.000000
8589.000000 8589.000000
8590.000000 8590.000000
8591.000000 8591.000000
8593.000000 8593.000000
8595.000000 8595.000000
8595.000000 8595.000000
8596.000000 8596.000000
8597.000000 8597.000000
8598.000000 8598.000000
8598.000000 8598.000000
8599.000000 8599.000000
8599.000000 8599.000000
8599.000000 8599.000000
8599.000000 8599.000000
8603.000000 8603.000000
8603.000000 8603.000000
8604.000000 8604.000000
8605.000000 8605.000000
8607.000000 8607.000000
8609.000000 8609.000000
8611.000000 8611.000000
8612.000000 8612.000000
8614.000000 8614.000000
8616.000000 8616.000000
8617.000000 8617.000000
8617.000000 8617.000000
8618.000000 8618.000000
8620.000000 8620.000000
8620.000000 8620.000000
8621.000000 8621.000000
8621.000000 8621.000000
8621.000000 8621.000000
8623.000000 8623.000000
8623.000000 8623.000000
8623.000000 8623.000000
8625.000000 8625.000000
8626.000000 8626.000000
8626.000000 8626.000000
8626.000000 8626.000000
8628.000000 8628.000000
8629.000000 8629.000000
8631.000000 8631.000000
8631.000000 8631.000000
8632.000000 8632.000000
8633.000000 8633.000000
8634.000000 8634.000000
8634.000000 8634.000000
8634.000000 8634.000000
8635.000000 8635.000000
8638.000000 8638.000000
8639.000000 8639.000000
8639.000000 8639.000000
8640.000000 8640.000000
8641.000000 8641.000000
8642.000000 8642.000000
8643.000000 8643.000000
8644.000000 8644.000000
8645.000000 8645.000000
8645.000000 8645.000000
8645.000000 8645.000000
8646.000000 8646.000000
8646.000000 8646.000000
8647.000000 8647.000000
8649.000000 8649.000000
8649.000000 8649.000000
8654.000000 8654.000000
8658.000000 8658.000000
8659.000000 8659.000000
8660.000000 8660.000000
8661.000000 8661.000000
8662.000000 8662.000000
8662.000000 8662.000000
8662.000000 8662.000000
8663.000000 8663.000000
8664.000000 8664.000000
8667.000000 8667.000000
8668.000000 8668.000000
8669.000000 8669.000000
8670.000000 8670.000000
8673.000000 8673.000000
8675.000000 8675.000000
8678.000000 8678.000000
8679.000000 8679.000000
8680.000000 8680.000000
8683.000000 8683.000000
8683.000000 8683.000000
8685.000000 8685.000000
8685.000000 8685.000000
8686.000000 8686.000000
8691.000000 8691.000000
8694.000000 8694.000000
8697.000000 8697.000000
8698.000000 8698.000000
8701.000000 8701.000000
8702.000000 8702.000000
8704.000000 8704.000000
8706.000000 8706.000000
8708.000000 8708.000000
8712.000000 8712.000000
8712.000000 8712.000000
8715.000000 8715.000000
8716.000000 8716.000000
8717.000000 8717.000000
8721.000000 8721.000000
8731.000000 8731.000000
8732.000000 8732.000000
8733.000000 8733.000000
8734.000000 8734.000000
8735.000000 8735.000000
8737.000000 8737.000000
8738.000000 8738.000000
8738.000000 8738.000000
8740.000000 8740.000000
8740.000000 8740.000000
8741.000000 8741.000000
8741.000000 8741.000000
8742.000000 8742.000000
8742.000000 8742.000000
8743.000000 8743.000000
8743.000000 8743.000000
8743.000000 8743.000000
8744.000000 8744.000000
8748.000000 8748.000000
8749.000000 8749.000000
8749.000000 8749.000000
8750.000000 8750.000000
8752.000000 8752.000000
8753.000000 8753.000000
8760.000000 8760.000000
8763.000000 8763.000000
8765.000000 8765.000000
8766.000000 8766.000000
8766.000000 8766.000000
8767.000000 8767.000000
8771.000000 8771.000000
8771.000000 8771.000000
8772.000000 8772.000000
8773.000000 8773.000000
8777.000000 8777.000000
8779.000000 8779.000000
8780.000000 8780.000000
8781.000000 8781.000000
8785.000000 8785.000000
8788.000000 8788.000000
8791.000000 8791.000000
8791.000000 8791.000000
8792.000000 8792.000000
8792.000000 8792.000000
8793.000000 8793.000000
8798.000000 8798.000000
8799.000000 8799.000000
8801.000000 8801.000000
8802.000000 8802.000000
8802.000000 8802.000000
8804.000000 8804.000000
8804.000000 8804.000000
8804.000000 8804.000000
8805.000000 8805.000000
8809.000000 8809.000000
8815.000000 8815.000000
8816.000000 8816.000000
8816.000000 8816.000000
8818.000000 8818.000000
8818.000000 8818.000000
8819.000000 8819.000000
8819.000000 8819.000000
8819.000000 8819.000000
8819.000000 8819.000000
8819.000000 8819.000000
8819.000000 8819.000000
8820.000000 8820.000000
8820.000000 8820.000000
8822.000000 8822.000000
8826.000000 8826.000000
8827.000000 8827.000000
8828.000000 8828.000000
8829.000000 8829.000000
8829.000000 8829.000000
8834.000000 8834.000000
8834.000000 8834.000000
8839.000000 8839.000000
8841.000000 8841.000000
8842.000000 8842.000000
8842.000000 8842.000000
8844.000000 8844.000000
8845.000000 8845.000000
8845.000000 8845.000000
8846.000000 8846.000000
8848.000000 8848.000000
8848.000000 8848.000000
8852.000000 8852.000000
8854.000000 8854.000000
8855.000000 8855.000000
8856.000000 8856.000000
8861.000000 8861.000000
8865.000000 8865.000000
8866.000000 8866.000000
8866.000000 8866.000000
8870.000000 8870.000000
8871.000000 8871.000000
8871.000000 8871.000000
8875.000000 8875.000000
8878.000000 8878.000000
8879.000000 8879.000000
8881.000000 8881.000000
8883.000000 8883.000000
8887.000000 8887.000000
8887.000000 8887.000000
8889.000000 8889.000000
8891.000000 8891.000000
8892.000000 8892.000000
8895.000000 8895.000000
8896.000000 8896.000000
8898.000000 8898.000000
8899.000000 8899.000000
8900.000000 8900.000000
8902.000000 8902.000000
8903.000000 8903.000000
8906.000000 8906.000000
8907.000000 8907.000000
8914.000000 8914.000000
8915.000000 8915.000000
8918.000000 8918.000000
8920.000000 8920.000000
8921.000000 8921.000000
8922.000000 8922.000000
8923.000000 8923.000000
8923.000000 8923.000000
8926.000000 8926.000000
8927.000000 8927.000000
8931.000000 8931.000000
8934.000000 8934.000000
8936.000000 8936.000000
8937.000000 8937.000000
8941.000000 8941.000000
8941.000000 8941.000000
8942.000000 8942.000000
8942.000000 8942.000000
8944.000000 8944.000000
8944.000000 8944.000000
8948.000000 8948.000000
8951.000000 8951.000000
8953.000000 8953.000000
8957.000000 8957.000000
8960.000000 8960.000000
8960.000000 8960.000000
8961.000000 8961.000000
8964.000000 8964.000000
8966.000000 8966.000000
8973.000000 8973.000000
8973.000000 8973.000000
8975.000000 8975.000000
8978.000000 8978.000000
8979.000000 8979.000000
8982.000000 8982.000000
8983.000000 8983.000000
8985.000000 8985.000000
8988.000000 8988.000000
8989.000000 8989.000000
8990.000000 8990.000000
8994.000000 8994.000000
8995.000000 8995.000000
8996.000000 8996.000000
8997.000000 8997.000000
8999.000000 8999.000000
9003.000000 9003.000000
9004.000000 9004.000000
9007.000000 9007.000000
9008.000000 9008.000000
9012.000000 9012.000000
9016.000000 9016.000000
9018.000000 9018.000000
9018.000000 9018.000000
9022.000000 9022.000000
9022.000000 9022.000000
9023.000000 9023.000000
9023.000000 9023.000000
9024.000000 9024.000000
9030.000000 9030.000000
9031.000000 9031.000000
9032.000000 9032.000000
9035.000000 9035.000000
9036.000000 9036.000000
9044.000000 9044.000000
9047.000000 9047.000000
9047.000000 9047.000000
9057.000000 9057.000000
9060.000000 9060.000000
9063.000000 9063.000000
9070.000000 9070.000000
9071.000000 9071.000000
9081.000000 9081.000000
9081.000000 9081.000000
9082.000000 9082.000000
9083.000000 9083.000000
9086.000000 9086.000000
9090.000000 9090.000000
9097.000000 9097.000000
9102.000000 9102.000000
9108.000000 9108.000000
9112.000000 9112.000000
9122.000000 9122.000000
9123.000000 9123.000000
9127.000000 9127.000000
9127.000000 9127.000000
9129.000000 9129.000000
9130.000000 9130.000000
9130.000000 9130.000000
9132.000000 9132.000000
9135.000000 9135.000000
9136.000000 9136.000000
9138.000000 9138.000000
9144.000000 9144.000000
9145.000000 9145.000000
9146.000000 9146.000000
9146.000000 9146.000000
9147.000000 9147.000000
9147.000000 9147.000000
9151.000000 9151.000000
9154.000000 9154.000000
9160.000000 9160.000000
9161.000000 9161.000000
9166.000000 9166.000000
9169.000000 9169.000000
9174.000000 9174.000000
9180.000000 9180.000000
9181.000000 9181.000000
9188.000000 9188.000000
9188.000000 9188.000000
9199.000000 9199.000000
9199.000000 9199.000000
9201.000000 9201.000000
9201.000000 9201.000000
9204.000000 9204.000000
9205.000000 9205.000000
9205.000000 9205.000000
9205.000000 9205.000000
9210.000000 9210.000000
9219.000000 9219.000000
9221.000000 9221.000000
9221.000000 9221.000000
9227.000000 9227.000000
9229.000000 9229.000000
9229.000000 9229.000000
9237.000000 9237.000000
9238.000000 9238.000000
9241.000000 9241.000000
9243.000000 9243.000000
9243.000000 9243.000000
9251.000000 9251.000000
9254.000000 9254.000000
9255.000000 9255.000000
9258.000000 9258.000000
9261.000000 9261.000000
9263.000000 9263.000000
9264.000000 9264.000000
9267.000000 9267.000000
9270.000000 9270.000000
9272.000000 9272.000000
9273.000000 9273.000000
9273.000000 9273.000000
9275.000000 9275.000000
9282.000000 9282.000000
9284.000000 9284.000000
9284.000000 9284.000000
9289.000000 9289.000000
9308.000000 9308.000000
9308.000000 9308.000000
9309.000000 9309.000000
9314.000000 9314.000000
9316.000000 9316.000000
9319.000000 9319.000000
9322.000000 9322.000000
9325.000000 9325.000000
9326.000000 9326.000000
9327.000000 9327.000000
9329.000000 9329.000000
9340.000000 9340.000000
9341.000000 9341.000000
9342.000000 9342.000000
9343.000000 9343.000000
9345.000000 9345.000000
9345.000000 9345.000000
9352.000000 9352.000000
9354.000000 9354.000000
9355.000000 9355.000000
9361.000000 9361.000000
9370.000000 9370.000000
9370.000000 9370.000000
9372.000000 9372.000000
9377.000000 9377.000000
9382.000000 9382.000000
9384.000000 9384.000000
9385.000000 9385.000000
9386.000000 9386.000000
9399.000000 9399.000000
9400.000000 9400.000000
9403.000000 9403.000000
9403.000000 9403.000000
9414.000000 9414.000000
9419.000000 9419.000000
9424.000000 9424.000000
9433.000000 9433.000000
9437.000000 9437.000000
9438.000000 9438.000000
9438.000000 9438.000000
9444.000000 9444.000000
9445.000000 9445.000000
9449.000000 9449.000000
9459.000000 9459.000000
9464.000000 9464.000000
9469.000000 9469.000000
9472.000000 9472.000000
9481.000000 9481.000000
9482.000000 9482.000000
9483.000000 9483.000000
9484.000000 9484.000000
9493.000000 9493.000000
9501.000000 9501.000000
9502.000000 9502.000000
9504.000000 9504.000000
9507.000000 9507.000000
9507.000000 9507.000000
9509.000000 9509.000000
9509.000000 9509.000000
9519.000000 9519.000000
9520.000000 9520.000000
9521.000000 9521.000000
9523.000000 9523.000000
9523.000000 9523.000000
9524.000000 9524.000000
9524.000000 9524.000000
9525.000000 9525.000000
9529.000000 9529.000000
9532.000000 9532.000000
9533.000000 9533.000000
9537.000000 9537.000000
9547.000000 9547.000000
9549.000000 9549.000000
9550.000000 9550.000000
9557.000000 9557.000000
9560.000000 9560.000000
9560.000000 9560.000000
9570.000000 9570.000000
9571.000000 9571.000000
9575.000000 9575.000000
9577.000000 9577.000000
9578.000000 9578.000000
9578.000000 9578.000000
9582.000000 9582.000000
9590.000000 9590.000000
9604.000000 9604.000000
9606.000000 9606.000000
9611.000000 9611.000000
9621.000000 9621.000000
9628.000000 9628.000000
9631.000000 9631.000000
9651.000000 9651.000000
9654.000000 9654.000000
9654.000000 9654.000000
9654.000000 9654.000000
9655.000000 9655.000000
9656.000000 9656.000000
9657.000000 9657.000000
9659.000000 9659.000000
9663.000000 9663.000000
9668.000000 9668.000000
9677.000000 9677.000000
9689.000000 9689.000000
9691.000000 9691.000000
9696.000000 9696.000000
9707.000000 9707.000000
9710.000000 9710.000000
9712.000000 9712.000000
9716.000000 9716.000000
9720.000000 9720.000000
9732.000000 9732.000000
9736.000000 9736.000000
9739.000000 9739.000000
9741.000000 9741.000000
9746.000000 9746.000000
9750.000000 9750.000000
9753.000000 9753.000000
9759.000000 9759.000000
9760.000000 9760.000000
9762.000000 9762.000000
9766.000000 9766.000000
9770.000000 9770.000000
9790.000000 9790.000000
9792.000000 9792.000000
9793.000000 9793.000000
9803.000000 9803.000000
9804.000000 9804.000000
9811.000000 9811.000000
9813.000000 9813.000000
9822.000000 9822.000000
9864.000000 9864.000000
9864.000000 9864.000000
9866.000000 9866.000000
9868.000000 9868.000000
9871.000000 9871.000000
9891.000000 9891.000000
9894.000000 9894.000000
9898.000000 9898.000000
9909.000000 9909.000000
9941.000000 9941.000000
9942.000000 9942.000000
9959.000000 9959.000000
10004.000000 10004.000000
10016.000000 10016.000000
10018.000000 10018.000000
10022.000000 10022.000000
10029.000000 10029.000000
10045.000000 10045.000000
10054.000000 10054.000000
10064.000000 10064.000000
10068.000000 10068.000000
10100.000000 10100.000000
10103.000000 10103.000000
10110.000000 10110.000000
10126.000000 10126.000000
10135.000000 10135.000000
10150.000000 10150.000000
10153.000000 10153.000000
10155.000000 10155.000000
10168.000000 10168.000000
10175.000000 10175.000000
10199.000000 10199.000000
10215.000000 10215.000000
10226.000000 10226.000000
10233.000000 10233.000000
10248.000000 10248.000000
10267.000000 10267.000000
10275.000000 10275.000000
10294.000000 10294.000000
10309.000000 10309.000000
10313.000000 10313.000000
10347.000000 10347.000000
10369.000000 10369.000000
10374.000000 10374.000000
10379.000000 10379.000000
10405.000000 10405.000000
10409.000000 10409.000000
10413.000000 10413.000000
10416.000000 10416.000000
10427.000000 10427.000000
10427.000000 10427.000000
10461.000000 10461.000000
10473.000000 10473.000000
10481.000000 10481.000000
10527.000000 10527.000000
10545.000000 10545.000000
10546.000000 10546.000000
10560.000000 10560.000000
10570.000000 10570.000000
10591.000000 10591.000000
10592.000000 10592.000000
10595.000000 10595.000000
10602.000000 10602.000000
10605.000000 10605.000000
10606.000000 10606.000000
10691.000000 10691.000000
10694.000000 10694.000000
10722.000000 10722.000000
10729.000000 10729.000000
10750.000000 10750.000000
10752.000000 10752.000000
10756.000000 10756.000000
10781.000000 10781.000000
10787.000000 8195.000000
10808.000000 8195.000000
10812.000000 8195.000000
10821.000000 8195.000000
10823.000000 8195.000000
10862.000000 8195.000000
10880.000000 8195.000000
10886.000000 8195.000000
10914.000000 8195.000000
10915.000000 8195.000000
10930.000000 8195.000000
10934.000000 8195.000000
10934.000000 8195.000000
10934.000000 8195.000000
10946.000000 8195.000000
10971.000000 8195.000000
10993.000000 8195.000000
11056.000000 8195.000000
11075.000000 8195.000000
11078.000000 8195.000000
11081.000000 8195.000000
11119.000000 8195.000000
11139.000000 8195.000000
11167.000000 8195.000000
11235.000000 8195.000000
11276.000000 8195.000000
11282.000000 8195.000000
11348.000000 8195.000000
11383.000000 8195.000000
11396.000000 8195.000000
11411.000000 8195.000000
11505.000000 8195.000000
11525.000000 8195.000000
11540.000000 8195.000000
11547.000000 8195.000000
11558.000000 8195.000000
11587.000000 8195.000000
11658.000000 8195.000000
11749.000000 8195.000000
11762.000000 8195.000000
11879.000000 8195.000000
11919.000000 8195.000000
11975.000000 8195.000000
12000.000000 8195.000000
12087.000000 8195.000000
12090.000000 8195.000000
12298.000000 8195.000000
12419.000000 8195.000000
12698.000000 8195.000000
12971.000000 8195.000000
13177.000000 8195.000000
13192.000000 8195.000000
13212.000000 8195.000000
13358.000000 8195.000000
13621.000000 8195.000000
13857.000000 8195.000000
14516.000000 8195.000000
15086.000000 8195.000000
15594.000000 8195.000000
16585.000000 8195.000000
