9.910
8007.000000000
8623.000000000
8616.000000000
7680.000000000
8496.000000000
8241.000000000
7460.000000000
8305.000000000
7995.000000000
7418.000000000
8502.000000000
8082.000000000
7576.000000000
8796.000000000
8039.000000000
7407.000000000
8431.000000000
7984.000000000
7360.000000000
8515.000000000
7859.000000000
7267.000000000
8413.000000000
7666.000000000
7239.000000000
8325.000000000
7481.000000000
7319.000000000
8258.000000000
7433.000000000
7458.000000000
8272.000000000
7394.000000000
7474.000000000
8150.000000000
7144.000000000
7437.000000000
8087.000000000
6935.000000000
7462.000000000
7953.000000000
6899.000000000
7575.000000000
7811.000000000
6841.000000000
7304.000000000
7821.000000000
6792.000000000
7442.000000000
8012.000000000
6916.000000000
7426.000000000
8368.000000000
7487.000000000
7881.000000000
8958.000000000
8311.000000000
8520.000000000
9613.000000000
8863.000000000
8783.000000000
9880.000000000
9188.000000000
8755.000000000
9840.000000000
9129.000000000
8524.000000000
8720.000000000
8061.000000000
8661.000000000
8356.000000000
7566.000000000
8327.000000000
8453.000000000
7420.000000000
7872.000000000
8504.000000000
7361.000000000
7769.000000000
8375.000000000
7294.000000000
7884.000000000
8251.000000000
7281.000000000
8035.000000000
8057.000000000
7177.000000000
8045.000000000
7817.000000000
7128.000000000
8021.000000000
7739.000000000
7009.000000000
7852.000000000
7697.000000000
7031.000000000
7900.000000000
7705.000000000
7075.000000000
8196.000000000
7738.000000000
7219.000000000
8438.000000000
7764.000000000
7259.000000000
8448.000000000
7730.000000000
7391.000000000
8472.000000000
7588.000000000
7432.000000000
8325.000000000
7467.000000000
7445.000000000
8212.000000000
7260.000000000
7396.000000000
8046.000000000
6965.000000000
7335.000000000
8215.000000000
7404.000000000
7656.000000000
8497.000000000
7642.000000000
8189.000000000
9031.000000000
8135.000000000
8768.000000000
9361.000000000
8449.000000000
9114.000000000
9284.000000000
8346.000000000
8746.000000000
9448.000000000
8282.000000000
8478.000000000
9234.000000000
8278.000000000
8228.000000000
9022.000000000
8084.000000000
7906.000000000
8856.000000000
8042.000000000
7688.000000000
8807.000000000
8187.000000000
8158.000000000
7571.000000000
8346.000000000
8085.000000000
7317.000000000
8179.000000000
7931.000000000
7210.000000000
7945.000000000
7951.000000000
7115.000000000
7972.000000000
7767.000000000
7110.000000000
8049.000000000
7771.000000000
7127.000000000
8236.000000000
7687.000000000
7173.000000000
8349.000000000
7714.000000000
7209.000000000
8376.000000000
7657.000000000
7343.000000000
8420.000000000
7579.000000000
7484.000000000
8390.000000000
7521.000000000
7556.000000000
8260.000000000
7258.000000000
7394.000000000
8303.000000000
7429.000000000
7432.000000000
8187.000000000
7236.000000000
7416.000000000
8204.000000000
7241.000000000
7824.000000000
8655.000000000
7796.000000000
8533.000000000
9150.000000000
8311.000000000
9081.000000000
9238.000000000
8357.000000000
9211.000000000
8995.000000000
8205.000000000
9036.000000000
8728.000000000
8030.000000000
9039.000000000
8494.000000000
7702.000000000
8242.000000000
8399.000000000
7523.000000000
7945.000000000
8464.000000000
7465.000000000
7913.000000000
8534.000000000
7369.000000000
7903.000000000
8600.000000000
7525.000000000
7725.000000000
8551.000000000
7676.000000000
7483.000000000
8514.000000000
7607.000000000
7418.000000000
8497.000000000
7742.000000000
7353.000000000
8575.000000000
7829.000000000
7102.000000000
7937.000000000
8039.000000000
7185.000000000
7525.000000000
8192.000000000
7049.000000000
7573.000000000
8278.000000000
7220.000000000
7476.000000000
8136.000000000
6997.000000000
7488.000000000
7988.000000000
6973.000000000
7635.000000000
7978.000000000
7129.000000000
8074.000000000
8204.000000000
7614.000000000
8681.000000000
8663.000000000
8196.000000000
9367.000000000
9125.000000000
8632.000000000
9423.000000000
9192.000000000
8522.000000000
9425.000000000
9029.000000000
8418.000000000
9517.000000000
8909.000000000
8242.000000000
9345.000000000
8584.000000000
8020.000000000
9102.000000000
8264.000000000
7931.000000000
8925.000000000
8032.000000000
7957.000000000
8805.000000000
7912.000000000
7922.000000000
8662.000000000
7639.000000000
7869.000000000
8522.000000000
7353.000000000
7746.000000000
8529.000000000
7425.000000000
7631.000000000
8238.000000000
7541.000000000
7541.000000000
8273.000000000
7733.000000000
7034.000000000
7915.000000000
7789.000000000
7015.000000000
7708.000000000
7930.000000000
7002.000000000
7501.000000000
8032.000000000
7228.000000000
7483.000000000
8136.000000000
7530.000000000
7571.000000000
8440.000000000
7548.000000000
7523.000000000
8512.000000000
7713.000000000
7373.000000000
8169.000000000
8013.000000000
7464.000000000
8550.000000000
8644.000000000
8151.000000000
9241.000000000
9185.000000000
8698.000000000
9872.000000000
9474.000000000
8878.000000000
10031.000000000
9337.000000000
8741.000000000
9780.000000000
8995.000000000
8485.000000000
9485.000000000
8765.000000000
8141.000000000
9196.000000000
8426.000000000
7924.000000000
8933.000000000
8054.000000000
7877.000000000
8783.000000000
7923.000000000
7925.000000000
8725.000000000
7810.000000000
7930.000000000
8576.000000000
7437.000000000
7778.000000000
8374.000000000
7253.000000000
7737.000000000
8210.000000000
7208.000000000
7878.000000000
7987.000000000
7117.000000000
7934.000000000
7790.000000000
7039.000000000
7920.000000000
7714.000000000
7057.000000000
7910.000000000
7812.000000000
7103.000000000
8005.000000000
7770.000000000
7185.000000000
8225.000000000
7807.000000000
7232.000000000
8430.000000000
7723.000000000
7102.000000000
8169.000000000
7814.000000000
7075.000000000
7952.000000000
7971.000000000
7097.000000000
8021.000000000
8321.000000000
7458.000000000
8104.000000000
8947.000000000
7959.000000000
8688.000000000
9587.000000000
8644.000000000
8895.000000000
9830.000000000
9261.000000000
9413.000000000
8537.000000000
8639.000000000
9586.000000000
8801.000000000
8134.000000000
9245.000000000
8433.000000000
7771.000000000
8835.000000000
8409.000000000
7807.000000000
9018.000000000
8378.000000000
7814.000000000
8949.000000000
8252.000000000
7806.000000000
8897.000000000
7994.000000000
7782.000000000
8681.000000000
7759.000000000
7695.000000000
8576.000000000
7754.000000000
7509.000000000
8452.000000000
7599.000000000
7534.000000000
8289.000000000
7374.000000000
7421.000000000
8145.000000000
7081.000000000
7382.000000000
8064.000000000
6977.000000000
7480.000000000
7995.000000000
7030.000000000
7730.000000000
7916.000000000
7051.000000000
7886.000000000
7801.000000000
7060.000000000
7934.000000000
7748.000000000
7187.000000000
8242.000000000
7845.000000000
7304.000000000
8517.000000000
7852.000000000
7243.000000000
8373.000000000
8130.000000000
7726.000000000
9121.000000000
8745.000000000
8370.000000000
9678.000000000
9068.000000000
8618.000000000
9845.000000000
9273.000000000
8485.000000000
9445.000000000
9009.000000000
8236.000000000
8995.000000000
8746.000000000
7907.000000000
8665.000000000
8580.000000000
7698.000000000
8227.000000000
8550.000000000
7528.000000000
7921.000000000
8743.000000000
7707.000000000
7847.000000000
8729.000000000
8132.000000000
7726.000000000
8704.000000000
7879.000000000
7724.000000000
8616.000000000
7741.000000000
7687.000000000
8432.000000000
7695.000000000
7489.000000000
8397.000000000
7553.000000000
7509.000000000
8249.000000000
7303.000000000
7481.000000000
8184.000000000
7115.000000000
7511.000000000
8176.000000000
7097.000000000
7606.000000000
8046.000000000
7090.000000000
7798.000000000
7924.000000000
7098.000000000
7931.000000000
7790.000000000
7096.000000000
7941.000000000
7720.000000000
7103.000000000
8253.000000000
7860.000000000
7407.000000000
8792.000000000
8329.000000000
7904.000000000
9249.000000000
8982.000000000
8583.000000000
9936.000000000
9345.000000000
8841.000000000
9975.000000000
9171.000000000
8726.000000000
9723.000000000
8777.000000000
8535.000000000
9357.000000000
8410.000000000
8336.000000000
8994.000000000
8216.000000000
8029.000000000
8882.000000000
8238.000000000
7826.000000000
8933.000000000
8350.000000000
7771.000000000
8899.000000000
8168.000000000
7612.000000000
8796.000000000
8079.000000000
7400.000000000
8409.000000000
8059.000000000
7280.000000000
8108.000000000
8107.000000000
7170.000000000
7982.000000000
8183.000000000
7116.000000000
7517.000000000
8161.000000000
7498.000000000
7304.000000000
8373.000000000
7755.000000000
7132.000000000
8255.000000000
7855.000000000
7270.000000000
8471.000000000
7838.000000000
7287.000000000
8475.000000000
7774.000000000
7385.000000000
8449.000000000
7654.000000000
7524.000000000
8511.000000000
7757.000000000
7838.000000000
8811.000000000
8078.000000000
8379.000000000
9526.000000000
8787.000000000
8937.000000000
9822.000000000
8958.000000000
9016.000000000
9738.000000000
8586.000000000
8846.000000000
9440.000000000
8288.000000000
8725.000000000
9174.000000000
8104.000000000
8724.000000000
8820.000000000
7888.000000000
8701.000000000
8541.000000000
7775.000000000
8577.000000000
8316.000000000
7654.000000000
8375.000000000
8258.000000000
7520.000000000
8389.000000000
8186.000000000
7579.000000000
8618.000000000
8185.000000000
7563.000000000
8718.000000000
8090.000000000
7516.000000000
8624.000000000
7876.000000000
7437.000000000
8516.000000000
7938.000000000
7215.000000000
8225.000000000
7860.000000000
7118.000000000
7986.000000000
7830.000000000
7106.000000000
7912.000000000
7928.000000000
7073.000000000
7651.000000000
7999.000000000
7037.000000000
7430.000000000
8051.000000000
7307.000000000
7958.000000000
7037.000000000
7410.000000000
8019.000000000
7281.000000000
7410.000000000
8310.000000000
7776.000000000
7448.000000000
8664.000000000
8026.000000000
8037.000000000
9228.000000000
8891.000000000
8634.000000000
9883.000000000
9240.000000000
9137.000000000
10123.000000000
9281.000000000
9208.000000000
9934.000000000
8969.000000000
8951.000000000
9622.000000000
8465.000000000
8683.000000000
9217.000000000
8042.000000000
8454.000000000
8899.000000000
7814.000000000
8437.000000000
8585.000000000
7695.000000000
8510.000000000
8403.000000000
7659.000000000
8531.000000000
8475.000000000
7528.000000000
8372.000000000
8252.000000000
7471.000000000
8266.000000000
8055.000000000
7394.000000000
8429.000000000
8051.000000000
7460.000000000
8643.000000000
8076.000000000
7479.000000000
8608.000000000
7923.000000000
7486.000000000
8583.000000000
7747.000000000
7549.000000000
8515.000000000
7668.000000000
7623.000000000
8386.000000000
7503.000000000
7480.000000000
8437.000000000
7805.000000000
7359.000000000
8480.000000000
7909.000000000
7382.000000000
8549.000000000
7870.000000000
7258.000000000
8402.000000000
7868.000000000
7162.000000000
8087.000000000
7936.000000000
7135.000000000
8056.000000000
8200.000000000
8257.000000000
7692.000000000
8477.000000000
9049.000000000
8315.000000000
8967.000000000
9935.000000000
9000.000000000
9275.000000000
9982.000000000
8800.000000000
9148.000000000
9689.000000000
8546.000000000
9042.000000000
9346.000000000
8320.000000000
8997.000000000
8937.000000000
8036.000000000
8784.000000000
8535.000000000
7810.000000000
8715.000000000
8412.000000000
7826.000000000
8955.000000000
8467.000000000
7747.000000000
8687.000000000
8389.000000000
7758.000000000
8799.000000000
8280.000000000
7647.000000000
8754.000000000
8073.000000000
7501.000000000
8609.000000000
7835.000000000
7474.000000000
8537.000000000
7678.000000000
7599.000000000
8512.000000000
7651.000000000
7637.000000000
8370.000000000
7397.000000000
7572.000000000
8257.000000000
7143.000000000
7538.000000000
8138.000000000
7062.000000000
7606.000000000
8013.000000000
7089.000000000
7522.000000000
8143.000000000
7061.000000000
7561.000000000
8220.000000000
7088.000000000
7535.000000000
8350.000000000
7637.000000000
7460.000000000
8247.000000000
7870.000000000
7246.000000000
8214.000000000
8441.000000000
7728.000000000
8797.000000000
9241.000000000
8451.000000000
9236.000000000
9892.000000000
8836.000000000
9254.000000000
9995.000000000
8950.000000000
9036.000000000
9803.000000000
8882.000000000
8645.000000000
9663.000000000
8955.000000000
8384.000000000
9464.000000000
8673.000000000
8209.000000000
9219.000000000
8589.000000000
8065.000000000
9161.000000000
8453.000000000
7992.000000000
9051.000000000
8181.000000000
7930.000000000
8819.000000000
7897.000000000
7804.000000000
8553.000000000
7583.000000000
7663.000000000
8326.000000000
7215.000000000
7537.000000000
8193.000000000
7091.000000000
7621.000000000
8105.000000000
7143.000000000
7817.000000000
7996.000000000
7135.000000000
7959.000000000
7909.000000000
7196.000000000
8038.000000000
7948.000000000
7061.000000000
7914.000000000
7874.000000000
7131.000000000
7985.000000000
7781.000000000
7148.000000000
8184.000000000
7829.000000000
7231.000000000
8463.000000000
7918.000000000
7384.000000000
7920.000000000
7986.000000000
7341.000000000
8362.000000000
8397.000000000
8028.000000000
8983.000000000
9265.000000000
8628.000000000
9271.000000000
9711.000000000
8799.000000000
9115.000000000
9683.000000000
8496.000000000
8843.000000000
9414.000000000
8195.000000000
8524.000000000
9198.000000000
8170.000000000
8129.000000000
9029.000000000
8352.000000000
7882.000000000
8937.000000000
8355.000000000
7805.000000000
8635.000000000
8273.000000000
7600.000000000
8069.000000000
8386.000000000
7411.000000000
7783.000000000
8589.000000000
7574.000000000
7713.000000000
8361.000000000
7214.000000000
7582.000000000
8181.000000000
7424.000000000
7558.000000000
8207.000000000
7098.000000000
7496.000000000
8083.000000000
7029.000000000
7557.000000000
8028.000000000
7094.000000000
7877.000000000
7990.000000000
7145.000000000
8047.000000000
7869.000000000
7127.000000000
8008.000000000
7731.000000000
7172.000000000
8245.000000000
7778.000000000
7260.000000000
8500.000000000
7883.000000000
7446.000000000
8660.000000000
8081.000000000
7897.000000000
9237.000000000
8870.000000000
8567.000000000
9907.000000000
9360.000000000
9020.000000000
10145.000000000
9611.000000000
8969.000000000
10084.000000000
9301.000000000
8828.000000000
9835.000000000
8893.000000000
8625.000000000
9495.000000000
8528.000000000
8275.000000000
9280.000000000
8441.000000000
8132.000000000
9058.000000000
8182.000000000
7980.000000000
9052.000000000
8186.000000000
7852.000000000
8949.000000000
8236.000000000
7601.000000000
8705.000000000
8166.000000000
7395.000000000
8289.000000000
7996.000000000
7237.000000000
8106.000000000
7881.000000000
7121.000000000
7291.000000000
7505.000000000
8340.000000000
7675.000000000
7271.000000000
8466.000000000
7810.000000000
7323.000000000
8431.000000000
7707.000000000
7344.000000000
8368.000000000
7504.000000000
7411.000000000
8268.000000000
7438.000000000
7454.000000000
8207.000000000
7257.000000000
7415.000000000
8331.000000000
7530.000000000
7554.000000000
8394.000000000
7554.000000000
7860.000000000
8741.000000000
7883.000000000
8482.000000000
9317.000000000
8421.000000000
9083.000000000
9676.000000000
8771.000000000
9487.000000000
9611.000000000
8667.000000000
9457.000000000
9224.000000000
8406.000000000
9205.000000000
8897.000000000
8239.000000000
8896.000000000
8695.000000000
7858.000000000
8657.000000000
8349.000000000
7672.000000000
8694.000000000
8268.000000000
7673.000000000
8884.000000000
8298.000000000
7734.000000000
8905.000000000
8137.000000000
7694.000000000
8719.000000000
7793.000000000
7506.000000000
8629.000000000
7863.000000000
7330.000000000
8488.000000000
7905.000000000
7217.000000000
8214.000000000
7848.000000000
7133.000000000
7972.000000000
7732.000000000
7035.000000000
7825.000000000
7834.000000000
7012.000000000
7574.000000000
7978.000000000
7053.000000000
7439.000000000
8286.000000000
7300.000000000
7444.000000000
8344.000000000
7502.000000000
7306.000000000
8394.000000000
7819.000000000
7164.000000000
8327.000000000
8135.000000000
7800.000000000
9264.000000000
8997.000000000
8683.000000000
10062.000000000
9566.000000000
9155.000000000
10262.000000000
9395.000000000
9051.000000000
10043.000000000
9237.000000000
8640.000000000
9618.000000000
8732.000000000
8390.000000000
9300.000000000
8375.000000000
8273.000000000
9068.000000000
8120.000000000
8122.000000000
8818.000000000
7749.000000000
8011.000000000
8654.000000000
7520.000000000
7970.000000000
8513.000000000
7439.000000000
7981.000000000
8304.000000000
7252.000000000
8005.000000000
8085.000000000
7311.000000000
7848.000000000
8203.000000000
7251.000000000
7993.000000000
8024.000000000
7225.000000000
8054.000000000
7821.000000000
7190.000000000
8120.000000000
7847.000000000
7247.000000000
8338.000000000
7850.000000000
7337.000000000
8540.000000000
7848.000000000
7377.000000000
8315.000000000
7820.000000000
7274.000000000
8027.000000000
7779.000000000
7211.000000000
8038.000000000
7926.000000000
7402.000000000
8249.000000000
8677.000000000
8032.000000000
8781.000000000
9579.000000000
8869.000000000
9273.000000000
9972.000000000
9299.000000000
9281.000000000
8582.000000000
8903.000000000
9622.000000000
8847.000000000
8440.000000000
9446.000000000
8669.000000000
7977.000000000
8679.000000000
8439.000000000
7713.000000000
8577.000000000
8318.000000000
7707.000000000
8772.000000000
8328.000000000
7789.000000000
8997.000000000
8348.000000000
7799.000000000
8920.000000000
8130.000000000
7677.000000000
8657.000000000
8007.000000000
7465.000000000
8562.000000000
7825.000000000
7411.000000000
8470.000000000
7657.000000000
7493.000000000
8465.000000000
7826.000000000
7410.000000000
8505.000000000
7709.000000000
7528.000000000
8420.000000000
7593.000000000
7595.000000000
8405.000000000
7536.000000000
7626.000000000
8348.000000000
7295.000000000
7564.000000000
8237.000000000
7088.000000000
7603.000000000
8154.000000000
7222.000000000
7984.000000000
8402.000000000
7736.000000000
8826.000000000
9041.000000000
8551.000000000
9644.000000000
9637.000000000
9089.000000000
10159.000000000
9790.000000000
9001.000000000
9757.000000000
9411.000000000
8598.000000000
9327.000000000
9375.000000000
8244.000000000
8573.000000000
9482.000000000
8622.000000000
8189.000000000
9214.000000000
8524.000000000
7761.000000000
8786.000000000
8333.000000000
7616.000000000
8471.000000000
8202.000000000
7502.000000000
8295.000000000
8347.000000000
7243.000000000
7642.000000000
8291.000000000
7851.000000000
7452.000000000
8621.000000000
7925.000000000
7255.000000000
8315.000000000
7814.000000000
7261.000000000
8443.000000000
7790.000000000
7275.000000000
8390.000000000
7683.000000000
7251.000000000
8333.000000000
7474.000000000
7343.000000000
8229.000000000
7371.000000000
7414.000000000
8331.000000000
7526.000000000
7403.000000000
8337.000000000
7497.000000000
7469.000000000
8248.000000000
7358.000000000
7436.000000000
8136.000000000
7109.000000000
7551.000000000
8311.000000000
7448.000000000
8225.000000000
9057.000000000
8321.000000000
9210.000000000
9609.000000000
8804.000000000
9650.000000000
9604.000000000
8777.000000000
9561.000000000
9236.000000000
8501.000000000
9375.000000000
8885.000000000
8207.000000000
9257.000000000
8509.000000000
7789.000000000
8685.000000000
8297.000000000
7661.000000000
8786.000000000
8245.000000000
7674.000000000
8860.000000000
8201.000000000
7556.000000000
8688.000000000
8167.000000000
7425.000000000
8299.000000000
8017.000000000
7268.000000000
8095.000000000
7864.000000000
7064.000000000
7792.000000000
7920.000000000
7004.000000000
7523.000000000
7997.000000000
7100.000000000
7385.000000000
8262.000000000
7315.000000000
7270.000000000
8224.000000000
7658.000000000
7051.000000000
8222.000000000
7711.000000000
7216.000000000
8410.000000000
7745.000000000
7277.000000000
8395.000000000
7560.000000000
7256.000000000
8305.000000000
7445.000000000
7415.000000000
8442.000000000
7733.000000000
7458.000000000
8659.000000000
7983.000000000
8151.000000000
9331.000000000
8769.000000000
9041.000000000
9936.000000000
9099.000000000
9340.000000000
9978.000000000
8792.000000000
9119.000000000
9621.000000000
8409.000000000
8883.000000000
9196.000000000
8170.000000000
8431.000000000
8962.000000000
7736.000000000
8191.000000000
8581.000000000
7529.000000000
8223.000000000
8374.000000000
7528.000000000
8403.000000000
8268.000000000
7522.000000000
8420.000000000
8142.000000000
7537.000000000
8614.000000000
8129.000000000
7535.000000000
8692.000000000
8023.000000000
7480.000000000
8598.000000000
7839.000000000
7221.000000000
8388.000000000
7705.000000000
7103.000000000
8117.000000000
7802.000000000
7058.000000000
7606.000000000
7953.000000000
7031.000000000
7486.000000000
8108.000000000
7013.000000000
7516.000000000
8190.000000000
7056.000000000
7528.000000000
8292.000000000
7328.000000000
7387.000000000
7187.000000000
7879.000000000
7618.000000000
6914.000000000
7386.000000000
7856.000000000
7130.000000000
7692.000000000
8711.000000000
8034.000000000
8279.000000000
9529.000000000
8856.000000000
9078.000000000
10128.000000000
9402.000000000
9606.000000000
10281.000000000
9126.000000000
9296.000000000
9819.000000000
8449.000000000
8815.000000000
9238.000000000
8061.000000000
8689.000000000
8902.000000000
7887.000000000
8706.000000000
8608.000000000
7734.000000000
8637.000000000
8350.000000000
7627.000000000
8573.000000000
8207.000000000
7591.000000000
8747.000000000
8201.000000000
7626.000000000
8848.000000000
8057.000000000
7403.000000000
8505.000000000
7937.000000000
7416.000000000
8642.000000000
7861.000000000
7379.000000000
8572.000000000
7742.000000000
7425.000000000
8519.000000000
7579.000000000
7494.000000000
8472.000000000
7565.000000000
7548.000000000
8349.000000000
7361.000000000
7529.000000000
8220.000000000
7052.000000000
7503.000000000
8296.000000000
7369.000000000
7450.000000000
8457.000000000
7529.000000000
7377.000000000
8482.000000000
7814.000000000
7285.000000000
8502.000000000
7790.000000000
7205.000000000
7526.000000000
8605.000000000
8400.000000000
8086.000000000
9151.000000000
9170.000000000
8743.000000000
9644.000000000
9863.000000000
8802.000000000
9249.000000000
9797.000000000
8930.000000000
8858.000000000
9652.000000000
8619.000000000
8415.000000000
9288.000000000
8515.000000000
8086.000000000
9168.000000000
8168.000000000
8005.000000000
8968.000000000
8012.000000000
7978.000000000
8792.000000000
7783.000000000
7896.000000000
8564.000000000
7449.000000000
7781.000000000
8383.000000000
7241.000000000
7743.000000000
8258.000000000
7172.000000000
7889.000000000
8082.000000000
7112.000000000
8032.000000000
7913.000000000
7112.000000000
8046.000000000
7796.000000000
7223.000000000
8289.000000000
7951.000000000
7249.000000000
8176.000000000
7971.000000000
7268.000000000
8223.000000000
7875.000000000
7227.000000000
8373.000000000
7843.000000000
7352.000000000
8586.000000000
7859.000000000
7421.000000000
8630.000000000
7787.000000000
7506.000000000
8607.000000000
7650.000000000
7543.000000000
8473.000000000
7541.000000000
7488.000000000
8709.000000000
7983.000000000
8053.000000000
9579.000000000
8992.000000000
8795.000000000
10216.000000000
9716.000000000
9103.000000000
10118.000000000
9743.000000000
8829.000000000
9629.000000000
9510.000000000
8317.000000000
9042.000000000
9035.000000000
7751.000000000
8249.000000000
8698.000000000
7422.000000000
8330.000000000
7584.000000000
7767.000000000
8722.000000000
7831.000000000
7710.000000000
8886.000000000
8194.000000000
7666.000000000
8843.000000000
8027.000000000
7541.000000000
8632.000000000
7685.000000000
7411.000000000
8450.000000000
7743.000000000
7343.000000000
8497.000000000
7639.000000000
7390.000000000
8515.000000000
7564.000000000
7499.000000000
8410.000000000
7497.000000000
7541.000000000
8297.000000000
7244.000000000
7439.000000000
8167.000000000
7009.000000000
7419.000000000
8008.000000000
6924.000000000
7554.000000000
7957.000000000
6935.000000000
7736.000000000
7850.000000000
6952.000000000
7926.000000000
7734.000000000
7015.000000000
8053.000000000
7903.000000000
7356.000000000
8524.000000000
8642.000000000
8084.000000000
9216.000000000
9091.000000000
8514.000000000
9595.000000000
9154.000000000
8496.000000000
9609.000000000
8854.000000000
8200.000000000
9278.000000000
8366.000000000
7748.000000000
7849.000000000
8682.000000000
7660.000000000
7675.000000000
8568.000000000
7652.000000000
7520.000000000
8630.000000000
7843.000000000
7514.000000000
8594.000000000
7959.000000000
7210.000000000
8230.000000000
7816.000000000
7054.000000000
7927.000000000
7679.000000000
6854.000000000
7673.000000000
7922.000000000
6792.000000000
7349.000000000
8253.000000000
7318.000000000
7203.000000000
8271.000000000
7636.000000000
7134.000000000
8349.000000000
7556.000000000
7177.000000000
8222.000000000
7644.000000000
7085.000000000
8278.000000000
7530.000000000
7098.000000000
8263.000000000
7401.000000000
7181.000000000
8247.000000000
7304.000000000
7298.000000000
8233.000000000
7451.000000000
7711.000000000
8647.000000000
7889.000000000
8292.000000000
9233.000000000
8213.000000000
8778.000000000
9400.000000000
8248.000000000
8847.000000000
9121.000000000
7972.000000000
8662.000000000
8611.000000000
7608.000000000
8406.000000000
8294.000000000
7218.000000000
7954.000000000
8082.000000000
7188.000000000
8175.000000000
8024.000000000
7253.000000000
8202.000000000
7949.000000000
7315.000000000
8386.000000000
8012.000000000
7337.000000000
8566.000000000
7911.000000000
7355.000000000
8551.000000000
7704.000000000
7012.000000000
8156.000000000
7511.000000000
6963.000000000
8198.000000000
7481.000000000
6891.000000000
7808.000000000
7679.000000000
6990.000000000
7764.000000000
7859.000000000
6946.000000000
7485.000000000
7922.000000000
6868.000000000
7333.000000000
7976.000000000
6779.000000000
7343.000000000
8107.000000000
7527.000000000
8553.000000000
8080.000000000
8037.000000000
9327.000000000
8567.000000000
8585.000000000
9867.000000000
9142.000000000
8844.000000000
9947.000000000
8950.000000000
8756.000000000
9621.000000000
8598.000000000
8503.000000000
9194.000000000
8138.000000000
8057.000000000
8946.000000000
7955.000000000
7912.000000000
8731.000000000
7799.000000000
7875.000000000
8655.000000000
7560.000000000
7849.000000000
8527.000000000
7378.000000000
7839.000000000
8371.000000000
7220.000000000
7871.000000000
8102.000000000
7120.000000000
7971.000000000
7931.000000000
7109.000000000
7983.000000000
7726.000000000
7060.000000000
8033.000000000
7792.000000000
7139.000000000
8303.000000000
7765.000000000
7060.000000000
7988.000000000
7725.000000000
7095.000000000
8233.000000000
7795.000000000
7193.000000000
8464.000000000
7785.000000000
7289.000000000
8550.000000000
7767.000000000
7351.000000000
8710.000000000
8197.000000000
7774.000000000
9118.000000000
9125.000000000
8556.000000000
9722.000000000
9861.000000000
8997.000000000
9840.000000000
10065.000000000
8897.000000000
9419.000000000
9940.000000000
8693.000000000
8947.000000000
9747.000000000
8675.000000000
8598.000000000
9422.000000000
8329.000000000
8191.000000000
9098.000000000
8179.000000000
7593.000000000
8544.000000000
8362.000000000
7474.000000000
7968.000000000
8697.000000000
7484.000000000
7772.000000000
8310.000000000
7124.000000000
7639.000000000
8072.000000000
7008.000000000
7720.000000000
8045.000000000
6830.000000000
7320.000000000
7847.000000000
6785.000000000
7484.000000000
7739.000000000
6808.000000000
7738.000000000
7725.000000000
7012.000000000
8065.000000000
7848.000000000
7173.000000000
8144.000000000
7824.000000000
7269.000000000
8544.000000000
8099.000000000
7597.000000000
8839.000000000
8125.000000000
7665.000000000
8836.000000000
8084.000000000
7909.000000000
9193.000000000
8463.000000000
8587.000000000
9861.000000000
9275.000000000
9007.000000000
10213.000000000
9336.000000000
9127.000000000
10064.000000000
9034.000000000
8958.000000000
9680.000000000
8612.000000000
8602.000000000
9211.000000000
8030.000000000
8240.000000000
8845.000000000
8117.000000000
8125.000000000
8843.000000000
8071.000000000
8023.000000000
8931.000000000
8198.000000000
7901.000000000
8941.000000000
8331.000000000
7803.000000000
8949.000000000
8218.000000000
7571.000000000
8742.000000000
8018.000000000
7335.000000000
8384.000000000
8091.000000000
7260.000000000
7922.000000000
7192.000000000
7875.000000000
7899.000000000
6989.000000000
7592.000000000
8249.000000000
7157.000000000
7577.000000000
8392.000000000
7492.000000000
7623.000000000
8379.000000000
7314.000000000
7625.000000000
8293.000000000
7110.000000000
7636.000000000
8146.000000000
7119.000000000
7863.000000000
8085.000000000
7216.000000000
8165.000000000
8361.000000000
7794.000000000
8993.000000000
9008.000000000
8567.000000000
9726.000000000
9492.000000000
8902.000000000
10039.000000000
9485.000000000
8752.000000000
9377.000000000
8963.000000000
8176.000000000
9190.000000000
8626.000000000
7933.000000000
9087.000000000
8336.000000000
7784.000000000
8944.000000000
8143.000000000
7753.000000000
9.911